1 2.72969
2 2.73286
3 2.73652
4 2.73003
5 2.73079
6 2.73079
7 2.73367
8 2.73346
9 2.735
10 2.735
11 2.73346
12 3.00041
13 2.60005
14 2.99983
15 2.99983
16 2.60547
17 2.99617
18 2.99617
19 2.73113
20 2.99844
21 2.99746
22 2.59756
23 3.00888
24 3.00888
25 2.59786
26 2.99683
27 2.99876
28 2.7336
29 2.99829
30 3.00422
31 2.60236
32 2.59349
33 2.60319
34 2.59767
35 2.59974
36 2.59037
37 2.59037
38 2.59986
39 3.00435
40 2.59043
41 2.99453
42 2.99702
43 2.73586
44 3.00765
45 3.00765
46 2.60734
47 3.01276
48 3.00211
49 2.73643
50 3.00654
51 3.00654
52 2.59871
53 2.60525
54 2.60525
55 2.60533
56 2.60021
57 2.99178
58 2.72862
59 2.99007
60 3.00473
61 2.73705
62 2.99791
63 2.99791
64 2.73042
65 2.73042
66 3.0018
67 3.80777
68 4.06952
69 4.05952
70 3.51955
71 4.07892
72 4.06136
73 3.12955
74 4.0575
75 4.07469
76 3.81449
77 3.78066
78 3.80653
79 3.80573
80 3.79587
81 3.79943
82 3.79409
83 3.80975
84 3.80222
85 3.78773
86 4.07435
87 3.53248
88 4.06526
89 4.07125
90 3.12414
91 4.06165
92 4.06527
93 3.7934
94 3.52721
95 4.08155
96 4.07678
97 3.12849
98 4.06317
99 4.06933
100 3.79647
101 3.529
102 3.52991
103 3.53766
104 3.54673
105 3.54144
106 3.54144
107 4.06537
108 3.13687
109 4.05573
110 4.06188
111 3.81185
112 3.14053
113 4.08266
114 4.06975
115 3.80128
116 3.13087
117 3.14551
118 3.13515
119 4.0601
120 3.81341
121 3.80341
122 2.99322
123 4.41385
124 4.41385
125 4.14154
126 4.40673
127 4.40673
128 2.80071
129 4.39743
130 4.40037
131 3.26457
132 2.60085
133 3.27074
134 3.26877
135 3.13597
136 3.26692
137 3.26692
138 3.00955
139 3.58713
140 4.24525
141 4.66737
142 3.60161
143 3.06485
144 4.6661
145 4.41332
146 3.20828
147 3.59554
148 3.61156
149 2.81026
150 3.5856
151 3.5856
152 4.24793
153 3.19995
154 4.28361
155 4.28361
156 4.19694
157 3.60233
158 3.06047
159 4.67562
160 4.40942
161 2.53493
162 3.61129
163 3.60324
164 3.06516
165 2.80853
166 4.39351
167 3.00623
168 3.0016
169 3.00529
170 3.00368
171 2.99589
172 2.99589
173 3.00678
174 3.00401
175 4.39163
176 4.12559
177 4.40417
178 4.41548
179 2.80884
180 4.40527
181 4.40729
182 4.13733
183 4.39317
184 4.39937
185 2.79633
186 4.39599
187 4.40158
188 4.13114
189 4.13306
190 4.1362
191 4.13243
192 4.14385
193 4.40939
194 2.79671
195 4.39731
196 4.39731
197 2.79995
198 4.40362
199 4.40362
200 2.79824
201 2.79824
202 4.4078
203 2.59961
204 3.26949
205 3.27092
206 3.13285
207 3.26209
208 3.26209
209 2.99939
210 2.6041
211 2.5998
212 2.5998
213 2.5927
214 2.60108
215 2.59764
216 3.26484
217 3.13604
218 3.26774
219 3.26332
220 3.00434
221 3.14111
222 3.26218
223 3.26218
224 2.9987
225 3.14299
226 3.12802
227 3.12844
228 3.26473
229 3.00422
230 2.99782
231 3.19179
232 3.5928
233 3.59085
234 2.79301
235 3.60965
236 3.61096
237 4.27577
238 3.19199
239 4.28748
240 4.27269
241 4.18691
242 3.61418
243 3.06298
244 4.68766
245 4.40116
246 2.53412
247 3.60975
248 3.60975
249 3.06222
250 2.79959
251 4.40631
252 3.2146
253 3.19691
254 3.19691
255 3.20498
256 3.19781
257 3.59464
258 2.79906
259 3.5985
260 3.60046
261 2.79944
262 3.59219
263 3.59219
264 2.80882
265 2.80152
266 3.60292
267 3.1922
268 4.27185
269 4.27091
270 4.22164
271 3.19506
272 3.19506
273 3.1853
274 4.26814
275 4.20392
276 4.20322
277 2.52047
278 3.59987
279 3.60457
280 3.06489
281 2.79843
282 4.39999
283 2.52767
284 2.53681
285 3.5964
286 2.79696
287 2.79698
288 2.80119
289 2.81212
290 2.81212
291 2.79843
292 2.80379
293 2.79615
294 2.80097
295 2.80097
296 2.80473
297 3.06039
298 2.53224
299 3.06359
300 3.06359
301 2.80682
302 3.06712
303 3.06857
304 2.79309
305 3.06217
306 2.52681
307 3.07113
308 3.0551
309 2.7862
310 3.06845
311 3.05917
312 2.80503
313 3.07195
314 2.52852
315 2.52911
316 2.53701
317 2.53701
318 2.53144
319 2.53249
320 2.53249
321 3.06909
322 2.80754
323 3.06333
324 3.06333
325 2.79906
326 3.07364
327 2.80319
328 3.06945
329 3.06518
330 2.79991
331 3.06621
332 2.79613
333 2.79613
334 2.79923
335 2.79499
336 3.07237
337 2.80109
338 3.06262
339 2.79807
340 3.06555
341 2.79774
342 4.20442
343 4.3965
344 4.40916
345 3.00543
346 4.40217
347 4.39536
348 3.8046
349 4.40035
350 4.39623
351 4.2092
352 4.18656
353 4.19402
354 4.19744
355 4.21782
356 4.19567
357 4.20255
358 4.20147
359 4.39844
360 2.99927
361 4.39501
362 4.41105
363 3.81588
364 4.39983
365 4.41075
366 3.00654
367 4.39503
368 4.3982
369 3.79106
370 4.40327
371 4.41542
372 3.01025
373 2.99799
374 2.99748
375 3.00784
376 3.00018
377 4.40739
378 3.79756
379 4.39051
380 4.39051
381 3.80011
382 4.39543
383 4.39543
384 3.81422
385 3.80578
386 4.38761
387 3.18807
388 4.26144
389 4.2682
390 3.20412
391 4.27529
392 4.26354
393 4.12663
394 4.27824
395 3.60512
396 3.13777
397 3.60288
398 3.59484
399 3.12787
400 3.60127
401 3.60127
402 3.26964
403 3.60463
404 4.67119
405 4.06964
406 4.3768
407 4.64192
408 2.59798
409 3.26848
410 3.26773
411 2.98925
412 3.26675
413 3.59812
414 3.53141
415 3.59343
416 3.59343
417 4.05819
418 4.41362
419 4.67078
420 3.80618
421 4.06787
422 4.41309
423 3.20004
424 3.21202
425 3.19957
426 3.19957
427 3.19784
428 3.19794
429 3.20645
430 4.25462
431 3.20309
432 4.27277
433 4.26449
434 4.13315
435 4.26553
436 3.20508
437 4.27904
438 4.26147
439 4.1292
440 4.26423
441 3.20505
442 3.21463
443 3.19955
444 3.19784
445 4.26316
446 4.13014
447 4.2632
448 4.10968
449 4.25954
450 4.12976
451 3.13858
452 3.60746
453 3.59507
454 3.13755
455 3.60216
456 3.59324
457 3.12876
458 3.13346
459 3.1309
460 3.12755
461 3.12755
462 3.59581
463 3.13868
464 3.58706
465 3.58706
466 3.12827
467 3.59216
468 3.61964
469 3.14553
470 3.13846
471 3.59614
472 2.60502
473 3.26877
474 3.27125
475 2.99179
476 3.26686
477 3.59561
478 3.53315
479 3.59606
480 3.59606
481 4.05509
482 4.39283
483 4.66079
484 3.80603
485 4.08844
486 4.40587
487 2.5966
488 2.59051
489 2.60335
490 2.60269
491 3.26684
492 2.99328
493 3.27202
494 3.00072
495 3.26374
496 2.99406
497 3.53662
498 3.61149
499 3.5983
500 3.53032
501 3.54333
502 3.60048
503 3.79631
504 4.05384
505 4.41047
506 3.80855
507 2.73288
508 2.74263
509 2.74263
510 2.73331
511 2.73208
512 2.73116
513 2.73116
514 2.74079
515 2.73561
516 3.06697
517 2.80017
518 3.06566
519 3.06587
520 2.80492
521 3.07176
522 3.06641
523 2.53644
524 2.79179
525 3.07119
526 3.07119
527 2.79987
528 3.0663
529 3.0548
530 2.53362
531 2.79868
532 2.79772
533 2.79987
534 2.79004
535 2.80036
536 2.79806
537 3.06478
538 2.79607
539 3.06291
540 3.07486
541 2.52754
542 2.8046
543 3.07157
544 3.06921
545 2.52827
546 2.80623
547 2.80243
548 2.80469
549 3.05894
550 2.5251
551 2.53964
552 3.8056
553 4.06894
554 4.06132
555 3.12756
556 4.06072
557 4.061
558 3.52704
559 4.06709
560 3.79205
561 3.81026
562 3.80076
563 3.801
564 3.79724
565 3.79402
566 3.78905
567 4.0598
568 3.1348
569 4.06581
570 4.07637
571 3.53669
572 4.06477
573 3.11921
574 4.0685
575 4.08078
576 3.54341
577 4.05687
578 3.14123
579 3.13023
580 3.13023
581 3.13402
582 4.06843
583 3.52414
584 4.06893
585 3.5301
586 4.06714
587 3.52792
588 3.32342
589 3.85717
590 3.87588
591 2.92973
592 3.86016
593 3.85455
594 3.60163
595 3.8751
596 3.40814
597 3.85468
598 3.85472
599 3.38793
600 3.86499
601 3.46725
602 3.45663
603 4.38916
604 3.86138
605 3.87449
606 2.80329
607 3.477
608 3.477
609 2.93455
610 3.46421
611 3.40576
612 3.46448
613 3.86947
614 3.87336
615 3.3363
616 3.32728
617 3.33318
618 3.33583
619 3.33504
620 3.33132
621 3.33132
622 3.86735
623 2.94272
624 3.85662
625 3.86144
626 3.59276
627 2.93834
628 3.86899
629 3.85938
630 3.59832
631 2.92584
632 2.9306
633 2.92984
634 3.86042
635 3.60204
636 3.59458
637 3.39818
638 3.87609
639 3.85331
640 3.39738
641 3.8729
642 3.40485
643 3.38491
644 3.40335
645 3.40138
646 3.86658
647 3.38021
648 3.86833
649 3.40486
650 3.88019
651 3.39892
652 2.80575
653 3.47815
654 3.47815
655 2.93061
656 3.48004
657 3.40147
658 3.47095
659 3.86318
660 3.86724
661 3.32964
662 2.7986
663 2.80907
664 2.79917
665 3.47361
666 2.93809
667 2.93033
668 3.40805
669 3.46062
670 3.40285
671 3.33385
672 4.19114
673 4.20756
674 4.19324
675 4.19824
676 4.21181
677 4.20523
678 4.20737
679 4.18805
680 4.39263
681 3.34183
682 4.39112
683 4.39112
684 3.33842
685 4.39769
686 4.39769
687 3.34
688 4.40826
689 4.41466
690 3.33369
691 4.42352
692 4.42352
693 3.34482
694 3.33818
695 3.32846
696 3.32846
697 3.3345
698 4.41616
699 3.33528
700 4.40511
701 4.40511
702 3.33773
703 4.40917
704 4.40777
705 3.31761
706 3.34537
707 4.39913
708 2.99824
709 4.85261
710 4.86964
711 4.74599
712 4.88099
713 4.87735
714 3.00569
715 3.00285
716 3.00285
717 2.99008
718 3.00315
719 3.00442
720 2.98894
721 4.848
722 4.73457
723 4.86957
724 4.86223
725 3.00396
726 4.74294
727 4.87653
728 4.86957
729 2.99332
730 4.728
731 4.71528
732 4.74591
733 4.85764
734 3.01314
735 3.00897
736 2.39539
737 3.19862
738 3.20625
739 2.93887
740 3.2003
741 3.2003
742 3.46798
743 3.19441
744 3.46051
745 3.46147
746 3.0042
747 4.79075
748 3.87643
749 5.06908
750 3.1989
751 3.58506
752 4.79166
753 4.81099
754 3.87019
755 2.52802
756 3.19797
757 2.40068
758 2.40156
759 2.40127
760 2.40127
761 2.39886
762 3.20369
763 2.93353
764 3.19416
765 3.19416
766 2.93155
767 3.19823
768 3.19488
769 2.92948
770 2.9331
771 3.21053
772 3.20189
773 3.47719
774 3.47695
775 3.0013
776 3.18741
777 3.18741
778 3.1991
779 3.45958
780 2.99958
781 2.99531
782 3.5998
783 4.78632
784 4.78851
785 3.86003
786 2.53495
787 3.2014
788 3.60998
789 3.59144
790 4.79049
791 2.53539
792 4.19023
793 4.18551
794 4.19425
795 4.19129
796 4.17722
797 4.17722
798 4.19734
799 4.86161
800 3.00403
801 4.86863
802 4.88484
803 4.75482
804 4.85978
805 2.99567
806 4.85557
807 4.8527
808 4.734
809 4.86406
810 2.99872
811 2.99872
812 2.9927
813 3.00027
814 4.86566
815 4.72834
816 4.87052
817 4.7187
818 4.86254
819 4.75795
820 5.37966
821 6.21298
822 6.16651
823 3.40923
824 6.23303
825 6.17315
826 5.40928
827 5.38516
828 5.37899
829 5.39584
830 5.41062
831 6.18091
832 3.40728
833 6.19922
834 6.19922
835 3.40035
836 6.18549
837 6.20193
838 3.41005
839 3.39737
840 6.22477
841 3.12816
842 5.45586
843 5.46515
844 4.72289
845 5.44504
846 3.81442
847 3.40337
848 3.80523
849 3.78689
850 3.85896
851 6.19001
852 7.05101
853 3.54194
854 3.86879
855 6.21558
856 3.13589
857 3.12883
858 3.13148
859 3.13148
860 5.48031
861 4.74241
862 5.46806
863 4.73888
864 5.4703
865 4.72949
866 3.40548
867 3.80287
868 3.80287
869 3.41026
870 3.40247
871 3.80441
872 3.54586
873 3.86429
874 6.22281
875 3.53329
876 2.60425
877 2.59981
878 2.60407
879 2.60407
880 2.60055
881 2.6007
882 4.26625
883 4.12032
884 4.26499
885 4.26408
886 3.20996
887 4.14031
888 4.25919
889 4.26325
890 3.18931
891 4.13622
892 4.12569
893 4.14659
894 4.25407
895 3.19405
896 3.201
897 3.00462
898 3.26016
899 3.26273
900 3.13069
901 3.25711
902 3.00402
903 2.9923
904 2.9923
905 2.99661
906 3.27088
907 3.13062
908 3.26613
909 3.13153
910 3.26474
911 3.13343
912 3.33224
913 3.46447
914 3.47292
915 2.40356
916 5.46411
917 5.38471
918 5.44343
919 5.4733
920 3.46645
921 3.32598
922 3.31944
923 3.33476
924 3.32781
925 3.46819
926 2.40053
927 2.40053
928 5.37385
929 5.44396
930 5.38736
931 3.33704
932 3.33039
933 3.33039
934 3.32379
935 3.3347
936 3.3265
937 3.58922
938 2.79474
939 3.60878
940 3.60878
941 2.80467
942 3.60605
943 3.59948
944 2.80156
945 2.78711
946 3.59998
947 4.13396
948 5.4724
949 5.43768
950 4.73051
951 4.13084
952 4.13086
953 4.1457
954 5.45709
955 4.73639
956 4.74733
957 2.93838
958 4.78838
959 4.78838
960 3.46454
961 2.79677
962 4.8037
963 2.92938
964 2.93797
965 4.81987
966 2.80012
967 2.99075
968 3.01009
969 2.99965
970 2.99965
971 3.46429
972 3.00603
973 3.46852
974 2.99581
975 3.46951
976 2.99603
977 3.40636
978 3.79299
979 3.79299
980 3.3982
981 3.3982
982 3.79366
983 3.1369
984 3.45927
985 3.81016
986 3.14128
987 2.61075
988 2.60105
989 2.59774
990 3.25724
991 3.00573
992 3.00222
993 4.20638
994 4.26564
995 4.18845
996 4.19924
997 3.34001
998 3.33447
999 3.60561
1000 2.80447
1001 3.81342
1002 3.80179
1003 3.79723
1004 3.80845
1005 3.81349
1006 3.79083
1007 3.79083
1008 3.80179
1009 3.81582
1010 3.80435
1011 3.806
1012 4.40037
1013 2.99149
1014 4.40271
1015 4.40271
1016 4.11491
1017 4.40729
1018 4.40729
1019 2.80021
1020 4.40262
1021 2.99793
1022 4.40741
1023 4.40522
1024 4.14058
1025 4.39219
1026 4.41948
1027 2.81288
1028 4.38879
1029 3.0005
1030 3.0005
1031 3.00665
1032 2.99748
1033 2.99388
1034 2.99388
1035 3.01003
1036 4.39865
1037 4.13041
1038 4.39238
1039 4.40179
1040 2.80482
1041 4.40194
1042 4.12528
1043 4.39323
1044 4.39323
1045 2.79595
1046 4.40683
1047 4.13799
1048 4.13519
1049 4.14284
1050 4.13688
1051 4.40267
1052 2.8085
1053 4.41242
1054 2.80618
1055 4.3971
1056 2.80082
1057 3.52337
1058 4.07501
1059 4.06825
1060 3.13537
1061 4.07157
1062 4.07554
1063 3.79644
1064 4.06514
1065 4.06935
1066 3.53933
1067 3.53933
1068 3.52926
1069 3.53213
1070 3.5376
1071 3.52744
1072 3.53924
1073 3.53924
1074 4.06632
1075 3.13665
1076 4.05929
1077 4.07457
1078 3.7951
1079 4.07641
1080 4.04761
1081 3.14166
1082 4.05812
1083 4.06964
1084 3.81615
1085 4.06597
1086 4.08079
1087 3.14103
1088 3.14103
1089 3.14061
1090 3.13
1091 3.1378
1092 4.07627
1093 3.82823
1094 4.06519
1095 4.05909
1096 3.79083
1097 4.06751
1098 4.06751
1099 3.79883
1100 3.78977
1101 4.0604
1102 2.59597
1103 3.59936
1104 3.59936
1105 3.19024
1106 3.60495
1107 3.60495
1108 2.80641
1109 3.60847
1110 3.27364
1111 3.11846
1112 3.27126
1113 3.27126
1114 2.99497
1115 3.27022
1116 3.26448
1117 3.60796
1118 4.26241
1119 4.67667
1120 4.40631
1121 3.06987
1122 4.66266
1123 3.19849
1124 3.59401
1125 3.59687
1126 2.53187
1127 3.59795
1128 4.27523
1129 4.19544
1130 4.26753
1131 4.26921
1132 4.37586
1133 3.0713
1134 4.66578
1135 2.79986
1136 4.40575
1137 3.06339
1138 2.5967
1139 2.58839
1140 2.58839
1141 2.60004
1142 2.6024
1143 2.6024
1144 2.60072
1145 3.59029
1146 3.19366
1147 3.59774
1148 3.61269
1149 2.80875
1150 3.60569
1151 3.2093
1152 3.59133
1153 3.59133
1154 2.81278
1155 3.59377
1156 3.19318
1157 3.20483
1158 3.20476
1159 3.20476
1160 3.60175
1161 2.79772
1162 3.60522
1163 2.8048
1164 3.59794
1165 2.7981
1166 3.13885
1167 3.26323
1168 3.25952
1169 2.99264
1170 3.25571
1171 3.264
1172 3.12846
1173 3.12705
1174 3.12705
1175 3.12406
1176 3.13322
1177 3.26676
1178 3.00457
1179 3.27405
1180 3.26578
1181 2.99362
1182 3.26945
1183 3.26945
1184 2.99423
1185 2.9986
1186 3.26151
1187 3.20067
1188 3.60039
1189 3.61118
1190 2.53622
1191 3.59878
1192 4.26682
1193 4.19868
1194 4.265
1195 4.2723
1196 4.39856
1197 3.07477
1198 4.65282
1199 2.79426
1200 4.39754
1201 3.06518
1202 3.19185
1203 3.19788
1204 3.20074
1205 3.19586
1206 3.59693
1207 2.53772
1208 3.59897
1209 2.53497
1210 3.60871
1211 2.54015
1212 4.21677
1213 4.27446
1214 4.2754
1215 4.20384
1216 4.19475
1217 4.25937
1218 2.80087
1219 4.39844
1220 3.06368
1221 2.79793
1222 2.72902
1223 2.73095
1224 2.7352
1225 2.73982
1226 2.73225
1227 2.73557
1228 2.73557
1229 2.72955
1230 2.72938
1231 4.07942
1232 3.79975
1233 4.06399
1234 4.06604
1235 3.13884
1236 4.07155
1237 4.07155
1238 3.52056
1239 3.79707
1240 4.06847
1241 4.07298
1242 3.12987
1243 4.06388
1244 4.06427
1245 3.53896
1246 3.8148
1247 3.8148
1248 3.79345
1249 3.79441
1250 3.81152
1251 3.78967
1252 4.06886
1253 3.12761
1254 4.0674
1255 4.06225
1256 3.52987
1257 3.12042
1258 4.05038
1259 4.0556
1260 3.55156
1261 3.1252
1262 3.13526
1263 3.13257
1264 4.06305
1265 3.5301
1266 3.52994
1267 4.20214
1268 4.38671
1269 4.40487
1270 3.33623
1271 4.40382
1272 4.4006
1273 3.33372
1274 4.40426
1275 4.20331
1276 4.21128
1277 4.18666
1278 4.20692
1279 4.21186
1280 4.20126
1281 4.20427
1282 4.40017
1283 3.34012
1284 4.40542
1285 4.40441
1286 3.32884
1287 4.399
1288 3.32733
1289 4.39223
1290 4.39223
1291 3.33358
1292 4.40439
1293 3.33515
1294 3.34016
1295 3.33042
1296 3.34301
1297 4.40613
1298 3.33088
1299 4.40516
1300 3.34068
1301 4.39415
1302 3.33421
1303 4.1918
1304 4.86633
1305 4.86633
1306 2.99759
1307 4.86788
1308 4.87897
1309 4.73063
1310 6.20706
1311 5.40521
1312 6.19205
1313 6.21202
1314 3.39843
1315 6.17512
1316 5.47842
1317 3.80338
1318 7.07692
1319 3.88012
1320 6.18843
1321 3.13751
1322 5.46299
1323 5.47282
1324 4.74766
1325 3.80006
1326 3.40028
1327 3.81739
1328 3.87354
1329 6.16349
1330 3.51852
1331 4.20169
1332 4.21022
1333 4.19996
1334 4.19801
1335 4.20376
1336 4.19839
1337 4.87349
1338 3.00014
1339 4.84704
1340 4.85323
1341 4.73303
1342 2.99595
1343 4.87313
1344 4.86716
1345 4.7481
1346 2.99873
1347 2.99873
1348 2.99448
1349 4.86702
1350 4.71518
1351 4.73112
1352 5.39825
1353 6.1739
1354 6.20297
1355 3.41179
1356 6.17825
1357 5.38934
1358 5.4071
1359 5.38988
1360 5.41403
1361 6.18882
1362 3.40394
1363 6.21063
1364 3.40489
1365 6.20043
1366 3.3973
1367 3.14347
1368 5.46862
1369 5.46393
1370 4.74085
1371 3.79618
1372 3.3953
1373 3.79654
1374 3.86907
1375 6.18772
1376 3.52892
1377 3.13553
1378 3.14242
1379 3.14652
1380 5.43408
1381 4.75205
1382 4.74131
1383 3.40112
1384 3.80019
1385 3.40139
1386 3.54971
1387 2.79344
1388 2.80349
1389 2.80349
1390 2.80397
1391 2.79732
1392 2.79957
1393 2.79957
1394 2.8028
1395 3.06244
1396 2.79628
1397 3.06182
1398 3.06041
1399 2.52895
1400 3.07055
1401 3.07055
1402 2.79489
1403 3.07133
1404 3.06061
1405 2.53241
1406 3.06974
1407 3.06137
1408 2.8074
1409 2.8074
1410 2.80048
1411 2.80021
1412 2.79372
1413 3.06042
1414 2.52858
1415 3.06801
1416 3.05826
1417 2.53553
1418 3.07353
1419 3.0663
1420 2.53144
1421 2.52988
1422 3.06796
1423 3.34424
1424 3.85887
1425 3.87079
1426 3.40415
1427 3.853
1428 3.86677
1429 3.39401
1430 3.33392
1431 3.33086
1432 3.33086
1433 3.33515
1434 3.32709
1435 3.32753
1436 3.85985
1437 3.40564
1438 3.86464
1439 3.86204
1440 3.39634
1441 3.39209
1442 3.85772
1443 3.86113
1444 3.40792
1445 3.41449
1446 3.40589
1447 3.40192
1448 3.86907
1449 3.4056
1450 3.39459
1451 2.91619
1452 3.86832
1453 3.87372
1454 3.5937
1455 3.86664
1456 3.86664
1457 3.46351
1458 2.80679
1459 3.46496
1460 3.47193
1461 3.39905
1462 3.48435
1463 3.88081
1464 4.39599
1465 3.85777
1466 2.93069
1467 3.46662
1468 3.47039
1469 3.86973
1470 3.32053
1471 3.86047
1472 2.93952
1473 2.93092
1474 2.93542
1475 2.93542
1476 2.93135
1477 3.86786
1478 3.59384
1479 3.86553
1480 3.87029
1481 3.59911
1482 3.87345
1483 3.84796
1484 3.58572
1485 3.59437
1486 3.86743
1487 2.80398
1488 3.46528
1489 3.46275
1490 3.40349
1491 2.80154
1492 2.80378
1493 2.79142
1494 3.46619
1495 3.40398
1496 3.40398
1497 2.94137
1498 3.4707
1499 3.46847
1500 3.86554
1501 3.33761
1502 3.86494
1503 2.93502
1504 2.93959
1505 3.45931
1506 3.33336
1507 2.99993
1508 2.99993
1509 2.9942
1510 2.99644
1511 3.00099
1512 2.99959
1513 2.99959
1514 3.20034
1515 2.40015
1516 3.20265
1517 3.19363
1518 2.93163
1519 3.19333
1520 2.39647
1521 3.20913
1522 3.20913
1523 2.9321
1524 3.19745
1525 2.40059
1526 2.40477
1527 2.40477
1528 2.40339
1529 3.19131
1530 2.92431
1531 3.20284
1532 2.93488
1533 3.20277
1534 2.92968
1535 4.73762
1536 4.87237
1537 4.8537
1538 3.00721
1539 4.86255
1540 4.87475
1541 4.70653
1542 4.7535
1543 4.71266
1544 4.74119
1545 4.74478
1546 4.8536
1547 2.9811
1548 4.85985
1549 4.86519
1550 2.9982
1551 4.86594
1552 4.86872
1553 2.99905
1554 3.00608
1555 4.86665
1556 3.19736
1557 4.80508
1558 4.78946
1559 3.59975
1560 4.79355
1561 3.46989
1562 2.99673
1563 3.47905
1564 3.47227
1565 3.20355
1566 3.86231
1567 5.06932
1568 2.53005
1569 3.21137
1570 3.85528
1571 3.19734
1572 3.19946
1573 3.20592
1574 3.21741
1575 4.80293
1576 3.61287
1577 4.80987
1578 3.60149
1579 4.80499
1580 3.60746
1581 3.00054
1582 3.46647
1583 3.47497
1584 3.00059
1585 2.99366
1586 3.4615
1587 2.53406
1588 3.20093
1589 3.86949
1590 2.52851
1591 2.59572
1592 2.60085
1593 2.60085
1594 2.6007
1595 2.60052
1596 2.60052
1597 3.2629
1598 2.99861
1599 3.26364
1600 3.26364
1601 3.13868
1602 3.00534
1603 3.27537
1604 3.26762
1605 3.1351
1606 2.99836
1607 2.9969
1608 3.00221
1609 3.26133
1610 3.12679
1611 3.13699
1612 3.3342
1613 3.60956
1614 3.60956
1615 2.79242
1616 3.586
1617 3.33609
1618 3.32832
1619 3.32832
1620 3.3372
1621 3.59446
1622 2.80645
1623 3.61001
1624 2.79414
1625 3.6052
1626 2.80312
1627 3.00368
1628 3.47599
1629 3.47599
1630 3.00122
1631 3.7926
1632 3.39391
1633 3.79295
1634 3.47257
1635 3.80294
1636 3.13476
1637 2.9999
1638 3.00896
1639 3.00103
1640 3.46719
1641 3.00156
1642 2.99437
1643 3.40328
1644 3.80585
1645 3.40667
1646 3.13105
1647 4.14102
1648 4.13653
1649 4.13289
1650 4.1301
1651 4.12121
1652 4.27059
1653 3.20238
1654 4.27244
1655 4.26767
1656 3.18746
1657 4.25625
1658 4.26588
1659 3.20168
1660 3.19497
1661 4.25861
1662 3.3249
1663 5.46756
1664 5.44361
1665 5.39925
1666 3.33198
1667 3.32386
1668 3.34781
1669 5.48489
1670 5.41218
1671 5.38467
1672 2.40948
1673 3.47692
1674 3.47053
1675 3.45892
1676 3.32316
1677 5.45894
1678 2.40114
1679 2.4027
1680 3.48522
1681 3.33738
1682 4.14895
1683 4.14373
1684 4.13772
1685 4.12483
1686 4.78228
1687 2.93258
1688 4.78777
1689 2.92808
1690 4.81081
1691 2.92746
1692 4.71379
1693 5.47598
1694 5.45
1695 4.74383
1696 4.73374
1697 5.46307
1698 2.80507
1699 4.77138
1700 3.45127
1701 2.80089
1702 2.60279
1703 2.59881
1704 2.59881
1705 4.29324
1706 4.19789
1707 4.19917
1708 3.32612
1709 3.58967
1710 3.33957
1711 3.79495
1712 2.99404
1713 2.99404
1714 3.27513
1715 4.19468
1716 2.79995
1717 2.73244
1718 2.73244
1719 2.73045
1720 2.74217
1721 2.73673
1722 2.73673
1723 2.73609
1724 2.7383
1725 2.7383
1726 4.40121
1727 4.21083
1728 4.38975
1729 4.38975
1730 3.34528
1731 4.40978
1732 4.40978
1733 3.34394
1734 4.21285
1735 4.4034
1736 4.39733
1737 3.33177
1738 4.41474
1739 4.41474
1740 3.333
1741 4.19477
1742 4.19477
1743 4.20384
1744 4.21473
1745 4.18822
1746 4.18697
1747 4.40372
1748 3.32794
1749 4.4061
1750 4.38781
1751 3.32493
1752 3.34555
1753 4.40452
1754 4.4047
1755 3.34006
1756 3.33445
1757 3.33139
1758 3.32923
1759 4.38032
1760 3.332
1761 3.33533
1762 2.79772
1763 3.07881
1764 3.06495
1765 2.80459
1766 3.06893
1767 3.06168
1768 2.53861
1769 3.07032
1770 2.79793
1771 2.79793
1772 2.80102
1773 2.8021
1774 2.79741
1775 2.78848
1776 2.80114
1777 3.06431
1778 2.8021
1779 3.07175
1780 3.0663
1781 2.53135
1782 3.06835
1783 2.80299
1784 3.07441
1785 3.05936
1786 2.53272
1787 3.06993
1788 2.79945
1789 2.79895
1790 2.80444
1791 2.79424
1792 3.07132
1793 2.53357
1794 3.07533
1795 2.52882
1796 3.06506
1797 2.53201
1798 3.01337
1799 3.20055
1800 3.20055
1801 2.38907
1802 3.20799
1803 3.20799
1804 2.94121
1805 4.86766
1806 4.71876
1807 4.86945
1808 4.85504
1809 3.00553
1810 4.86397
1811 4.79339
1812 3.46579
1813 5.075
1814 3.20147
1815 3.86413
1816 3.19056
1817 4.80059
1818 4.78295
1819 3.58883
1820 3.46668
1821 3.0036
1822 3.47127
1823 3.21146
1824 3.87437
1825 2.53405
1826 3.00563
1827 2.99846
1828 2.99127
1829 2.99127
1830 3.00381
1831 3.01179
1832 3.20486
1833 2.40133
1834 3.20518
1835 3.20113
1836 2.93567
1837 2.40766
1838 3.19845
1839 3.19845
1840 2.93434
1841 2.40076
1842 2.40398
1843 2.4028
1844 3.1924
1845 2.9278
1846 2.93557
1847 4.74184
1848 4.8649
1849 4.85666
1850 3.00497
1851 4.88544
1852 4.7282
1853 4.74806
1854 4.73104
1855 4.72852
1856 4.86682
1857 2.99827
1858 4.86444
1859 3.0039
1860 4.87074
1861 2.99857
1862 3.1891
1863 4.79307
1864 4.79307
1865 3.59151
1866 3.47453
1867 3.00167
1868 3.46883
1869 3.20454
1870 3.86264
1871 2.53731
1872 3.19906
1873 3.19807
1874 3.20809
1875 4.79493
1876 3.60684
1877 3.58815
1878 3.00415
1879 3.46928
1880 2.99891
1881 2.535
1882 3.7899
1883 3.8042
1884 3.80186
1885 3.798
1886 3.8004
1887 3.79321
1888 3.79859
1889 3.79438
1890 4.0796
1891 3.131
1892 4.0623
1893 4.07209
1894 3.52977
1895 4.06961
1896 4.0724
1897 3.13723
1898 4.05285
1899 4.07968
1900 3.53324
1901 4.05754
1902 4.0643
1903 3.12684
1904 3.12684
1905 3.12922
1906 3.12695
1907 3.1244
1908 4.06377
1909 3.53827
1910 4.06262
1911 4.07072
1912 3.546
1913 4.07932
1914 4.07392
1915 3.53426
1916 3.53435
1917 4.07532
1918 4.18759
1919 6.21101
1920 6.20517
1921 5.40438
1922 6.21115
1923 6.21115
1924 3.40042
1925 4.18699
1926 4.19633
1927 4.19753
1928 4.17929
1929 4.19122
1930 4.20144
1931 6.21505
1932 5.39575
1933 6.18651
1934 6.18651
1935 3.40277
1936 5.40811
1937 6.20449
1938 6.19508
1939 3.41323
1940 5.40602
1941 5.40096
1942 5.41047
1943 6.19819
1944 3.39814
1945 3.3984
1946 3.00127
1947 4.85816
1948 4.85751
1949 4.72049
1950 4.88773
1951 4.87725
1952 3.797
1953 3.13469
1954 3.80239
1955 3.80239
1956 3.39782
1957 5.44704
1958 6.19001
1959 7.05269
1960 3.86744
1961 4.75047
1962 5.46732
1963 5.45476
1964 6.19856
1965 3.53391
1966 3.85795
1967 3.0019
1968 3.0019
1969 3.00362
1970 2.99833
1971 2.99833
1972 4.86156
1973 4.74193
1974 4.86552
1975 4.86813
1976 4.73499
1977 4.88225
1978 4.84931
1979 4.72746
1980 4.74936
1981 4.85575
1982 3.12177
1983 3.80288
1984 3.80288
1985 3.40944
1986 3.13615
1987 3.13615
1988 3.13082
1989 3.7956
1990 3.40474
1991 3.40474
1992 4.7427
1993 5.47107
1994 5.47097
1995 6.19673
1996 3.51697
1997 3.86745
1998 4.74482
1999 4.73742
2000 5.47628
2001 3.51913
2002 3.33073
2003 3.33739
2004 3.33386
2005 3.3324
2006 3.3324
2007 3.33817
2008 3.32937
2009 3.87247
2010 2.94003
2011 3.86585
2012 3.87232
2013 3.59758
2014 3.86244
2015 2.9417
2016 3.87438
2017 3.86129
2018 3.60495
2019 3.86232
2020 2.93671
2021 2.9398
2022 2.92909
2023 2.94259
2024 3.8631
2025 3.59594
2026 3.86585
2027 3.61415
2028 3.87683
2029 3.58829
2030 3.39881
2031 3.87307
2032 3.86403
2033 3.40257
2034 3.85925
2035 3.86033
2036 3.40192
2037 3.39146
2038 3.39282
2039 3.39974
2040 3.39974
2041 3.87454
2042 3.40119
2043 3.85928
2044 3.85734
2045 3.39333
2046 3.87115
2047 3.86828
2048 3.39961
2049 3.40163
2050 3.8635
2051 2.80269
2052 3.47159
2053 3.46541
2054 2.94017
2055 3.46205
2056 3.46997
2057 3.40182
2058 3.45483
2059 3.46241
2060 3.85063
2061 3.86405
2062 4.39899
2063 3.34222
2064 3.86684
2065 3.85035
2066 2.80025
2067 2.81242
2068 2.79792
2069 2.79982
2070 3.46842
2071 2.93153
2072 3.4634
2073 2.93747
2074 3.46485
2075 2.92721
2076 3.40367
2077 3.45925
2078 3.4729
2079 3.39832
2080 3.39822
2081 3.46896
2082 3.34231
2083 3.87802
2084 3.86441
2085 3.33307
2086 2.60285
2087 2.6
2088 2.6
2089 2.5977
2090 2.59758
2091 2.59758
2092 3.59639
2093 3.33932
2094 3.60456
2095 3.59828
2096 2.79796
2097 3.32367
2098 3.60142
2099 3.60142
2100 2.79462
2101 3.34247
2102 3.34247
2103 3.33196
2104 3.60366
2105 2.80212
2106 2.80212
2107 4.13772
2108 4.25778
2109 4.25294
2110 3.19771
2111 4.2622
2112 4.12014
2113 4.13548
2114 4.12476
2115 4.12742
2116 4.26354
2117 3.19641
2118 4.27986
2119 3.19817
2120 4.26535
2121 3.20103
2122 4.13536
2123 4.82862
2124 4.81168
2125 2.93911
2126 5.46833
2127 4.72453
2128 5.46636
2129 4.78719
2130 3.4597
2131 2.80537
2132 4.13826
2133 4.13709
2134 4.1417
2135 4.80957
2136 2.93313
2137 2.934
2138 4.73375
2139 5.47496
2140 4.73266
2141 2.8044
2142 2.99967
2143 2.9928
2144 2.99974
2145 2.99974
2146 2.9944
2147 3.26873
2148 3.142
2149 3.26111
2150 3.26111
2151 3.13098
2152 3.26708
2153 3.26396
2154 3.13311
2155 3.13311
2156 3.26818
2157 3.00004
2158 3.8098
2159 3.7989
2160 3.40055
2161 2.99992
2162 3.00496
2163 2.99955
2164 3.80421
2165 3.40409
2166 3.40338
2167 3.00381
2168 3.46346
2169 3.46346
2170 3.79848
2171 3.12116
2172 3.46487
2173 3.0036
2174 2.99904
2175 3.45419
2176 3.13304
2177 3.3352
2178 3.32794
2179 3.32144
2180 3.34149
2181 3.46648
2182 2.3994
2183 3.46118
2184 2.40068
2185 3.46062
2186 2.40154
2187 5.40515
2188 5.4672
2189 5.45831
2190 5.41054
2191 5.40404
2192 5.46238
2193 3.32601
2194 5.45037
2195 3.46163
2196 3.33546
2197 2.59572
2198 2.59838
2199 2.5945
2200 3.59137
2201 3.3266
2202 3.32438
2203 2.99859
2204 3.26543
2205 3.00047
2206 2.80785
2207 4.19197
2208 4.19444
2209 4.25922
2210 3.79493
2211 4.18996
2212 2.74212
2213 2.74212
2214 2.73577
2215 2.72971
2216 2.72971
2217 2.73043
2218 2.72653
2219 2.73919
2220 3.00563
2221 2.59748
2222 3.00227
2223 3.00227
2224 2.60576
2225 3.00166
2226 3.00166
2227 2.60244
2228 2.99904
2229 2.99904
2230 2.59866
2231 2.99841
2232 3.00097
2233 2.59749
2234 2.59502
2235 2.59502
2236 2.59707
2237 2.60449
2238 3.00349
2239 2.60323
2240 2.99468
2241 2.99468
2242 2.59715
2243 2.99564
2244 2.99486
2245 2.59355
2246 2.59806
2247 3.00147
2248 3.79841
2249 4.07451
2250 4.07603
2251 3.54036
2252 4.07426
2253 4.06791
2254 3.13417
2255 3.81202
2256 3.80082
2257 3.80422
2258 3.79893
2259 3.797
2260 3.80015
2261 4.06616
2262 3.53759
2263 4.06446
2264 4.06057
2265 3.129
2266 3.53186
2267 4.06154
2268 4.06154
2269 3.13553
2270 3.54623
2271 3.54391
2272 3.53131
2273 4.06517
2274 3.12992
2275 3.13797
2276 3.00817
2277 4.4108
2278 4.40351
2279 4.13613
2280 4.3964
2281 4.40148
2282 3.26987
2283 2.60013
2284 3.26566
2285 3.26571
2286 3.13704
2287 3.59162
2288 4.27691
2289 4.66927
2290 3.58889
2291 3.20246
2292 3.59876
2293 3.60201
2294 4.26616
2295 3.18402
2296 3.60961
2297 3.00518
2298 3.00518
2299 2.9984
2300 2.99816
2301 2.99484
2302 4.40521
2303 4.12295
2304 4.39332
2305 4.39332
2306 4.13879
2307 4.39902
2308 4.39902
2309 4.12658
2310 4.13738
2311 4.39911
2312 2.60347
2313 3.26845
2314 3.27606
2315 3.12807
2316 2.59988
2317 2.59876
2318 2.59876
2319 3.25452
2320 3.13904
2321 3.14189
2322 3.20434
2323 3.59646
2324 3.6018
2325 4.26188
2326 3.19411
2327 3.59543
2328 3.19873
2329 3.20577
2330 3.59993
2331 3.19557
2332 2.79358
2333 2.79923
2334 2.79767
2335 2.79196
2336 2.79196
2337 2.80057
2338 2.79984
2339 3.06288
2340 2.52454
2341 3.06557
2342 3.05889
2343 2.81394
2344 3.06615
2345 2.53315
2346 3.06455
2347 3.06769
2348 2.795
2349 3.07667
2350 2.54107
2351 2.53958
2352 2.5353
2353 2.5353
2354 3.07266
2355 2.80488
2356 3.07004
2357 2.80108
2358 3.07436
2359 2.794
2360 4.2039
2361 4.38767
2362 4.38767
2363 3.00928
2364 4.41322
2365 4.40189
2366 4.21994
2367 4.19507
2368 4.22256
2369 4.1903
2370 4.18727
2371 4.39313
2372 2.99474
2373 4.40122
2374 4.40477
2375 3.00152
2376 4.3918
2377 4.40558
2378 3.00035
2379 3.00357
2380 4.4057
2381 3.20418
2382 4.26937
2383 4.2598
2384 3.20451
2385 4.24965
2386 3.60829
2387 3.13602
2388 3.61075
2389 3.61075
2390 3.25778
2391 3.59656
2392 4.67131
2393 2.60163
2394 3.26249
2395 3.59239
2396 3.20175
2397 3.18891
2398 3.19508
2399 3.19157
2400 4.26015
2401 3.19702
2402 4.25646
2403 3.18787
2404 4.26403
2405 3.20125
2406 3.12774
2407 3.59223
2408 3.59925
2409 3.13301
2410 3.12576
2411 3.58765
2412 2.59587
2413 3.26538
2414 3.59244
2415 2.59077
2416 2.73669
2417 2.73526
2418 2.73526
2419 2.73422
2420 2.73957
2421 2.73957
2422 3.06382
2423 2.79899
2424 3.0615
2425 3.0615
2426 2.80369
2427 2.80356
2428 3.06025
2429 3.05072
2430 2.79934
2431 2.79913
2432 2.79913
2433 2.79785
2434 3.06326
2435 2.80501
2436 2.80501
2437 3.78671
2438 4.05877
2439 4.06414
2440 3.1314
2441 4.06091
2442 3.80427
2443 3.80286
2444 3.80341
2445 3.79906
2446 4.06978
2447 3.13235
2448 4.06313
2449 3.137
2450 4.06674
2451 3.13189
2452 3.33582
2453 3.8694
2454 3.85867
2455 2.94279
2456 3.87063
2457 3.41104
2458 3.8717
2459 3.46561
2460 3.46051
2461 2.7953
2462 3.33604
2463 3.32946
2464 3.33405
2465 3.86728
2466 2.9477
2467 2.94211
2468 3.3956
2469 3.86116
2470 3.39878
2471 2.80117
2472 4.19588
2473 4.2141
2474 4.20788
2475 4.19093
2476 4.20691
2477 4.40393
2478 3.3264
2479 4.3921
2480 4.40319
2481 3.33655
2482 4.40078
2483 4.39335
2484 3.32841
2485 3.332
2486 4.39488
2487 3.00361
2488 4.84756
2489 4.87002
2490 4.73281
2491 2.9913
2492 3.00377
2493 3.00377
2494 4.86313
2495 4.7305
2496 4.73639
2497 2.39948
2498 3.19889
2499 3.19908
2500 3.47683
2501 3.19749
2502 4.80913
2503 2.4009
2504 2.4009
2505 3.1986
2506 3.19071
2507 4.22176
2508 4.20219
2509 4.20213
2510 4.19786
2511 4.86453
2512 3.00408
2513 4.87257
2514 3.0044
2515 4.83361
2516 2.99441
2517 5.42323
2518 6.19689
2519 6.21859
2520 5.3965
2521 5.37651
2522 6.2024
2523 3.13554
2524 5.45829
2525 3.80634
2526 3.13896
2527 2.5999
2528 2.5999
2529 2.60105
2530 4.27907
2531 4.1325
2532 4.13032
2533 3.00692
2534 3.2664
2535 3.00805
2536 3.33387
2537 3.34165
2538 3.32582
2539 3.58641
2540 4.13252
2541 2.9983
2542 3.81116
2543 3.80152
2544 3.80106
2545 3.78901
2546 3.80533
2547 3.79746
2548 3.80794
2549 4.37661
2550 3.00624
2551 4.38986
2552 4.38035
2553 4.13077
2554 4.40139
2555 3.00411
2556 4.39792
2557 4.39873
2558 4.12643
2559 4.38926
2560 2.99101
2561 2.99483
2562 3.00898
2563 2.9926
2564 4.38924
2565 4.12486
2566 4.40864
2567 4.11972
2568 4.40036
2569 4.1306
2570 3.54197
2571 4.0627
2572 4.06723
2573 3.13234
2574 4.0819
2575 4.06807
2576 3.53735
2577 3.53559
2578 3.53559
2579 3.5322
2580 3.53699
2581 4.06525
2582 3.13192
2583 4.06539
2584 4.06684
2585 3.13395
2586 4.06019
2587 4.06019
2588 3.13322
2589 3.13922
2590 4.0655
2591 2.60395
2592 3.60833
2593 3.60833
2594 3.20347
2595 3.61192
2596 3.26985
2597 3.1162
2598 3.27646
2599 3.27305
2600 3.599
2601 4.25745
2602 4.64941
2603 3.20795
2604 3.60703
2605 4.26521
2606 2.59511
2607 2.59335
2608 2.59673
2609 2.59673
2610 3.60098
2611 3.19954
2612 3.58545
2613 3.18486
2614 3.58945
2615 3.18817
2616 3.12648
2617 3.2653
2618 3.26124
2619 3.13932
2620 3.1298
2621 3.26509
2622 3.2041
2623 3.60478
2624 4.25623
2625 3.20566
2626 2.74023
2627 2.73123
2628 2.73725
2629 2.73371
2630 2.73371
2631 2.72695
2632 4.05769
2633 3.79284
2634 4.06833
2635 4.06833
2636 3.14812
2637 3.79392
2638 4.05655
2639 4.07434
2640 3.13977
2641 3.79611
2642 3.78978
2643 3.80827
2644 4.06329
2645 3.12875
2646 3.13097
2647 4.20048
2648 4.39974
2649 4.40765
2650 3.33749
2651 4.40252
2652 4.21894
2653 4.17781
2654 4.18293
2655 4.20658
2656 4.38541
2657 3.32951
2658 4.4044
2659 3.33148
2660 4.39972
2661 3.33418
2662 4.20173
2663 4.85409
2664 4.87045
2665 3.01018
2666 6.22167
2667 5.3751
2668 6.19629
2669 5.47036
2670 3.80479
2671 3.13076
2672 4.21731
2673 4.20342
2674 4.20005
2675 4.87684
2676 2.9976
2677 3.01065
2678 5.41615
2679 6.20015
2680 5.42429
2681 3.13386
2682 2.79753
2683 2.7985
2684 2.79708
2685 2.80275
2686 2.80275
2687 3.07173
2688 2.80356
2689 3.06577
2690 3.06571
2691 2.79971
2692 3.06578
2693 3.06222
2694 2.79271
2695 2.798
2696 3.06448
2697 3.33254
2698 3.86752
2699 3.87973
2700 3.39942
2701 3.33735
2702 3.34162
2703 3.32492
2704 3.88851
2705 3.39577
2706 3.39577
2707 2.9331
2708 3.86888
2709 3.87246
2710 3.47074
2711 2.79238
2712 3.4743
2713 2.94047
2714 2.92798
2715 3.86208
2716 2.79891
2717 3.00409
2718 3.00193
2719 2.98696
2720 3.00007
2721 3.19985
2722 2.39999
2723 3.20033
2724 2.40059
2725 3.1981
2726 2.40424
2727 4.73857
2728 4.86751
2729 4.86732
2730 4.73391
2731 4.73479
2732 4.87131
2733 3.19675
2734 4.80299
2735 3.46908
2736 3.2027
2737 2.60436
2738 2.60294
2739 2.60197
2740 3.26719
2741 2.99506
2742 2.99856
2743 3.34207
2744 3.59909
2745 3.33182
2746 3.00876
2747 4.11801
2748 4.13365
2749 4.25373
2750 3.3234
2751 4.12776
2752 2.72844
2753 2.7319
2754 2.73718
2755 2.73718
2756 2.72708
2757 2.74295
2758 4.38805
2759 4.18804
2760 4.41808
2761 4.39956
2762 3.33423
2763 4.1957
2764 4.39358
2765 4.39358
2766 3.33232
2767 4.19365
2768 4.1949
2769 4.19975
2770 4.40191
2771 3.33201
2772 3.33201
2773 2.80114
2774 3.06611
2775 3.07812
2776 2.79736
2777 3.0641
2778 2.79362
2779 2.80428
2780 2.80379
2781 2.80379
2782 3.0676
2783 2.80555
2784 3.07951
2785 2.80797
2786 3.0648
2787 2.80402
2788 2.99693
2789 3.19548
2790 3.19548
2791 2.39999
2792 4.86903
2793 4.72265
2794 4.86163
2795 4.80378
2796 3.4708
2797 3.20171
2798 3.00612
2799 3.00493
2800 3.00361
2801 3.2031
2802 2.39528
2803 2.39528
2804 4.72748
2805 4.8731
2806 4.72431
2807 3.19014
2808 3.80153
2809 3.80241
2810 3.80613
2811 3.79785
2812 3.79785
2813 4.0813
2814 3.14058
2815 4.0619
2816 4.06185
2817 3.13303
2818 4.06396
2819 4.06756
2820 3.13364
2821 3.13364
2822 4.05616
2823 4.21224
2824 6.22259
2825 6.1895
2826 5.38934
2827 4.21532
2828 4.19189
2829 4.19971
2830 6.19859
2831 5.39861
2832 5.38405
2833 2.99134
2834 4.87545
2835 4.85317
2836 3.79695
2837 3.13085
2838 5.47124
2839 3.00804
2840 2.99063
2841 4.86601
2842 3.13491
2843 3.32986
2844 3.32945
2845 3.32945
2846 3.32935
2847 3.86044
2848 2.9368
2849 3.85854
2850 2.9377
2851 3.88018
2852 2.93748
2853 3.39696
2854 3.8604
2855 3.87351
2856 3.40414
2857 3.39648
2858 3.88063
2859 2.80453
2860 3.46218
2861 3.46126
2862 2.79133
2863 2.60103
2864 2.59531
2865 2.60904
2866 3.62129
2867 3.33367
2868 3.33296
2869 4.14294
2870 4.26199
2871 4.14488
2872 4.13925
2873 3.00375
2874 2.99847
2875 3.26451
2876 2.99968
2877 3.32434
2878 2.73103
2879 2.72886
2880 2.73091
2881 2.73091
2882 2.73881
2883 2.99393
2884 2.59713
2885 3.00187
2886 3.00187
2887 2.60207
2888 3.00124
2889 3.00124
2890 2.60018
2891 2.59889
2892 3.00419
2893 3.80549
2894 4.07021
2895 4.07783
2896 3.53708
2897 3.79762
2898 3.81593
2899 3.80121
2900 4.05777
2901 3.54404
2902 3.54041
2903 2.9969
2904 4.40621
2905 4.40621
2906 3.2813
2907 2.60014
2908 3.59624
2909 3.00647
2910 3.00202
2911 4.39495
2912 2.59052
2913 2.80966
2914 2.80683
2915 2.80683
2916 2.79772
2917 3.06414
2918 2.52527
2919 3.06151
2920 2.52833
2921 3.06192
2922 2.53251
2923 4.20172
2924 4.39883
2925 4.39883
2926 4.19561
2927 4.19911
2928 4.40561
2929 3.20462
2930 4.25804
2931 3.60781
2932 3.18739
2933 2.72651
2934 2.72651
2935 2.73276
2936 3.06624
2937 2.79548
2938 2.79548
2939 3.79595
2940 4.06376
2941 3.79785
2942 3.32613
2943 4.19394
2944 4.20198
2945 4.40697
2946 2.99987
2947 4.21333
2948 3.80361
2949 3.79633
2950 3.79805
2951 3.80772
2952 4.40016
2953 3.00094
2954 4.4015
2955 3.00442
2956 4.39257
2957 3.00846
2958 3.53477
2959 4.07351
2960 4.06078
2961 3.52859
2962 3.53154
2963 4.06032
2964 2.59675
2965 3.59313
2966 3.26795
2967 2.60002
2968 2.73005
2969 2.73206
2970 2.73432
2971 4.06587
2972 3.79826
2973 3.81294
2974 4.19745
2975 4.4058
2976 4.20678
2977 4.20032
2978 2.79818
2979 2.80077
2980 3.07014
2981 3.33427
2982 3.00276
2983 2.72639
2984 2.72639
2985 2.72781
2986 4.38998
2987 4.19014
2988 4.19989
2989 2.7884
2990 3.06161
2991 2.79225
2992 3.00177
2993 3.81273
2994 3.80089
2995 4.0656
2996 4.20133
2997 3.33427
2998 2.73735
2999 2.73799
3000 3.00117
3001 3.79352
3002 2.79995
3003 3.80237
