1 2.99387
2 4.05492
3 4.67479
4 4.40809
5 3.27651
6 4.6623
7 3.60387
8 4.26322
9 4.67521
10 3.60921
11 3.07308
12 4.67448
13 4.38677
14 3.06335
15 4.40134
16 4.66902
17 4.26884
18 3.59091
19 4.6804
20 3.2743
21 3.59994
22 4.66514
23 4.07771
24 4.41443
25 4.66128
26 3.07475
27 4.06432
28 4.39683
29 3.87515
30 3.86258
31 4.4151
32 3.46594
33 3.46941
34 4.41158
35 3.87354
36 3.87603
37 4.39473
38 4.8782
39 5.077
40 3.2066
41 3.47041
42 5.07122
43 4.80567
44 3.85835
45 5.07211
46 3.20371
47 4.86964
48 6.20572
49 7.07359
50 5.46075
51 3.80016
52 7.06678
53 3.87011
54 6.20475
55 7.06752
56 4.27846
57 3.26464
58 5.62737
59 3.46306
60 5.46737
61 5.59947
62 5.47893
63 3.46821
64 3.59344
65 5.4694
66 6.24755
67 4.78389
68 3.46719
69 6.26726
70 4.79988
71 3.46831
72 3.80787
73 4.27318
74 3.47863
75 3.80473
76 4.26057
77 3.26476
78 4.2678
79 5.60086
80 4.85969
81 4.85757
82 3.6076
83 3.85833
84 4.25785
85 3.20109
86 3.87
87 6.19219
88 6.25977
89 4.05646
90 3.05856
91 4.39421
92 4.40061
93 4.06543
94 4.67307
95 3.5845
96 3.26512
97 4.67945
98 3.60985
99 4.26927
100 4.66404
101 4.40838
102 3.07134
103 4.66061
104 4.06118
105 4.39013
106 7.06383
107 4.85909
108 6.20181
109 7.06916
110 5.4436
111 3.80171
112 7.06553
113 3.85063
114 6.21163
115 3.06436
116 3.87503
117 4.40771
118 3.86212
119 3.46791
120 4.40266
121 3.47262
122 3.86758
123 4.41001
124 3.8756
125 3.2051
126 4.865
127 5.07805
128 4.81403
129 3.46259
130 5.06141
131 3.19703
132 3.86689
133 5.08523
134 3.26744
135 3.59444
136 4.26072
137 3.46754
138 3.80138
139 4.2695
140 3.47066
141 3.80417
142 4.27762
143 5.47829
144 5.58779
145 3.46057
146 3.46488
147 5.59928
148 5.48367
149 4.79888
150 5.44633
151 6.28283
152 4.81471
153 3.46442
154 6.26288
155 4.26731
156 3.59846
157 6.28422
158 3.86713
159 6.19374
160 3.27185
161 4.86989
162 5.60427
163 4.85918
164 3.19394
165 3.85548
166 4.26515
167 3.07309
168 4.40811
169 4.06707
170 4.39966
171 3.0619
172 5.06532
173 3.20717
174 4.88598
175 5.06753
176 4.79715
177 3.46846
178 5.06938
179 3.20484
180 3.86029
181 4.06215
182 6.18311
183 7.04799
184 4.88355
185 3.79053
186 7.04707
187 5.49003
188 6.19838
189 7.06665
190 3.8705
191 3.86836
192 3.87014
193 4.40883
194 3.46836
195 3.4675
196 4.37937
197 3.86679
198 3.86559
199 4.40358
200 3.60613
201 4.27391
202 6.2605
203 4.80091
204 5.45539
205 6.28319
206 4.81409
207 3.45837
208 3.26835
209 3.78495
210 4.24886
211 3.4784
212 3.80341
213 4.26569
214 3.46571
215 3.47151
216 5.4734
217 5.59614
218 5.45981
219 3.46674
220 5.59932
221 3.59533
222 3.27457
223 4.2686
224 3.20452
225 3.86501
226 4.26616
227 6.19145
228 6.26061
229 3.86166
230 4.87057
231 4.87493
232 5.59081
233 4.39447
234 4.07641
235 3.06836
236 3.00197
237 4.06188
238 4.67191
239 4.40466
240 3.2699
241 4.66752
242 3.60194
243 4.27062
244 4.67266
245 3.60986
246 3.06721
247 4.39556
248 4.65699
249 4.26169
250 3.59485
251 4.66417
252 3.26468
253 3.61529
254 4.66419
255 3.07179
256 4.06771
257 4.40191
258 3.86539
259 3.86896
260 4.39985
261 3.46685
262 3.4657
263 4.37713
264 4.84177
265 5.05829
266 3.20224
267 3.46952
268 5.06886
269 4.80234
270 4.88928
271 6.19672
272 7.06062
273 5.46406
274 3.80693
275 7.07319
276 4.27434
277 3.27745
278 5.59774
279 3.46832
280 5.46047
281 3.60093
282 5.45316
283 6.25722
284 4.79191
285 3.46731
286 3.79963
287 4.27935
288 3.27407
289 4.25597
290 3.59359
291 4.40347
292 4.0608
293 4.66021
294 3.60988
295 3.27279
296 4.66154
297 3.59066
298 4.26293
299 4.66586
300 4.0576
301 4.39993
302 7.04903
303 4.87862
304 6.20016
305 7.06042
306 5.45904
307 3.80497
308 3.0617
309 3.86947
310 4.40487
311 3.86793
312 3.46284
313 4.39468
314 3.46838
315 3.19847
316 4.86516
317 5.08416
318 4.78854
319 3.46218
320 5.06724
321 3.25945
322 3.61293
323 4.27675
324 3.47932
325 3.81551
326 4.26175
327 5.46143
328 5.60668
329 3.46211
330 4.80839
331 5.47854
332 6.26015
333 4.28088
334 3.58877
335 3.25253
336 4.40472
337 3.05983
338 5.06362
339 3.19217
340 4.86057
341 5.05916
342 4.7902
343 3.46166
344 4.06494
345 6.20822
346 7.07517
347 4.86749
348 3.79005
349 7.05065
350 5.46015
351 3.87182
352 3.86632
353 4.40154
354 3.45872
355 3.47458
356 4.40026
357 3.59786
358 4.27046
359 6.28256
360 4.8093
361 5.46275
362 3.26871
363 3.80146
364 4.26682
365 3.46418
366 3.46622
367 5.47834
368 5.5727
369 3.59869
370 3.25918
371 4.26931
372 2.99279
373 4.05017
374 4.66831
375 4.4182
376 3.27207
377 4.65514
378 3.59078
379 3.07364
380 4.39722
381 4.66644
382 4.26129
383 3.60344
384 4.66968
385 3.06439
386 4.0491
387 4.38638
388 3.86294
389 3.86548
390 4.38123
391 4.85036
392 5.07445
393 3.20244
394 4.87737
395 6.21149
396 7.07001
397 4.2731
398 3.26069
399 3.59811
400 4.40879
401 4.07422
402 4.66472
403 3.60621
404 3.26195
405 4.66591
406 4.06561
407 4.4031
408 7.0546
409 4.86602
410 6.18248
411 3.06938
412 3.87275
413 4.40706
414 3.86284
415 3.19497
416 4.86132
417 5.06833
418 3.27068
419 3.58942
420 4.26212
421 4.3864
422 3.0624
423 5.06645
424 3.19542
425 4.86648
426 4.06973
427 6.2262
428 7.05943
429 4.88231
430 3.86481
431 3.8697
432 4.40507
433 3.6203
434 4.26712
435 3.26611
436 3.00006
437 4.07352
438 4.65219
439 4.41251
440 3.06834
441 4.40575
442 4.67052
443 3.07163
444 4.07281
445 4.39555
446 4.40854
447 4.06211
448 4.67026
449 4.07572
450 4.39974
451 3.06684
452 4.41598
453 3.07521
454 4.07526
455 3.00105
456 3.00649
457 4.06562
458 4.6641
459 4.39389
460 3.25507
461 4.67352
462 3.60728
463 4.26801
464 4.66281
465 3.59646
466 3.0635
467 4.6612
468 4.39472
469 3.06779
470 4.39359
471 4.66227
472 4.26239
473 3.60192
474 4.669
475 3.2681
476 3.60473
477 4.68099
478 4.07088
479 4.39297
480 4.66109
481 3.06662
482 4.05905
483 4.40007
484 3.87165
485 3.86933
486 4.40782
487 3.47711
488 3.45413
489 4.39206
490 3.85915
491 3.86768
492 4.38561
493 4.84968
494 5.0661
495 3.20102
496 3.46963
497 5.07049
498 4.79836
499 3.87
500 5.05628
501 3.19776
502 4.86492
503 6.21605
504 7.068
505 5.46458
506 3.79748
507 7.08167
508 3.87359
509 6.2145
510 7.07803
511 4.27476
512 3.27052
513 5.61622
514 3.4688
515 5.45626
516 5.58696
517 5.47735
518 3.4714
519 3.61255
520 5.48033
521 6.27268
522 4.80704
523 3.46237
524 6.26328
525 4.79807
526 3.47134
527 3.80538
528 4.26858
529 3.46373
530 3.79897
531 4.26202
532 3.26379
533 4.26479
534 5.60451
535 4.8842
536 4.87947
537 3.60458
538 3.87175
539 4.2735
540 3.20011
541 3.87162
542 6.20931
543 6.27532
544 4.06535
545 3.06316
546 4.38236
547 4.39343
548 4.06437
549 4.67443
550 3.60403
551 3.26769
552 4.64963
553 3.59442
554 4.26256
555 4.65783
556 4.39143
557 3.06185
558 4.65873
559 4.06271
560 4.40976
561 7.05268
562 4.85774
563 6.17489
564 7.04042
565 5.44646
566 3.80767
567 7.04818
568 3.86612
569 6.18273
570 3.06363
571 3.86789
572 4.39967
573 3.87291
574 3.45871
575 4.40793
576 3.47709
577 3.87358
578 4.39714
579 3.87371
580 3.19411
581 4.8606
582 5.07288
583 4.80516
584 3.47316
585 5.06555
586 3.19671
587 3.86694
588 5.04813
589 3.26447
590 3.60886
591 4.27766
592 3.47486
593 3.80069
594 4.26944
595 3.47435
596 3.79956
597 4.26082
598 5.46993
599 5.61081
600 3.47209
601 3.46462
602 5.58211
603 5.45721
604 4.80395
605 5.47222
606 6.26613
607 4.80276
608 3.46571
609 6.26352
610 4.26537
611 3.58955
612 6.28539
613 3.8612
614 6.20685
615 3.26568
616 4.8744
617 5.61753
618 4.8862
619 3.2046
620 3.87726
621 4.27878
622 3.07795
623 4.39822
624 4.07196
625 4.39986
626 3.07391
627 5.07325
628 3.19984
629 4.8876
630 5.05894
631 4.79018
632 3.46103
633 5.06186
634 3.19657
635 3.85895
636 4.06935
637 6.1895
638 7.053
639 4.86377
640 3.7971
641 7.06363
642 5.46323
643 6.21329
644 7.06843
645 3.86243
646 3.8739
647 3.87337
648 4.4073
649 3.47216
650 3.45999
651 4.40795
652 3.86893
653 3.87045
654 4.38983
655 3.61122
656 4.25837
657 6.29243
658 4.80034
659 5.4557
660 6.25551
661 4.79115
662 3.47835
663 3.26353
664 3.79043
665 4.27122
666 3.46524
667 3.79832
668 4.27306
669 3.47102
670 3.46775
671 5.48453
672 5.60728
673 5.45795
674 3.47306
675 5.60842
676 3.60548
677 3.27061
678 4.26739
679 3.19459
680 3.86848
681 4.25919
682 6.18012
683 6.2462
684 3.87065
685 4.8638
686 4.86254
687 5.61407
688 4.38657
689 4.06957
690 3.06123
691 2.99826
692 4.05368
693 4.65192
694 4.3782
695 3.25577
696 4.66035
697 3.59879
698 4.25463
699 4.64855
700 3.5947
701 3.0583
702 4.39636
703 4.66268
704 4.26526
705 3.58534
706 4.66578
707 3.26907
708 3.58423
709 4.65959
710 3.06955
711 4.07512
712 4.41036
713 3.87265
714 3.86835
715 4.39648
716 3.471
717 3.46152
718 4.40342
719 4.85938
720 5.06042
721 3.19835
722 3.46751
723 5.06654
724 4.81439
725 4.88155
726 6.20632
727 7.07384
728 5.4801
729 3.79061
730 7.07137
731 4.26356
732 3.26189
733 5.60479
734 3.47355
735 5.46589
736 3.59103
737 5.44152
738 6.27613
739 4.77759
740 3.45255
741 3.80363
742 4.27322
743 3.25723
744 4.26338
745 3.60261
746 4.4048
747 4.07034
748 4.66069
749 3.59641
750 3.26475
751 4.65081
752 3.59361
753 4.2724
754 4.65493
755 4.06043
756 4.41753
757 7.07133
758 4.8689
759 6.20405
760 7.07046
761 5.48711
762 3.80127
763 3.06107
764 3.86604
765 4.39952
766 3.87728
767 3.45613
768 4.40749
769 3.47087
770 3.20007
771 4.85582
772 5.0673
773 4.79717
774 3.46651
775 5.05188
776 3.26466
777 3.58526
778 4.2553
779 3.46242
780 3.79699
781 4.26665
782 5.46683
783 5.59153
784 3.47481
785 4.78301
786 5.46609
787 6.27917
788 4.27032
789 3.60252
790 3.26045
791 4.39881
792 3.07376
793 5.05503
794 3.2015
795 4.87332
796 5.08024
797 4.81618
798 3.47051
799 4.0718
800 6.19962
801 7.05725
802 4.86055
803 3.80289
804 7.07917
805 5.46146
806 3.85872
807 3.86165
808 4.39894
809 3.47838
810 3.47359
811 4.40039
812 3.59248
813 4.27062
814 6.28252
815 4.80326
816 5.46158
817 3.2659
818 3.79338
819 4.25897
820 3.4646
821 3.46055
822 5.48186
823 5.59412
824 3.58573
825 3.25823
826 4.25552
827 3.00079
828 4.06692
829 4.66344
830 4.38164
831 3.26645
832 4.65898
833 3.59586
834 3.06583
835 4.40077
836 4.6596
837 4.25882
838 3.60004
839 4.66824
840 3.07143
841 4.07409
842 4.40665
843 3.86171
844 3.86811
845 4.39577
846 4.86264
847 5.06564
848 3.20583
849 4.8542
850 6.20211
851 7.06834
852 4.27226
853 3.2713
854 3.61584
855 4.39898
856 4.06518
857 4.67607
858 3.60426
859 3.26241
860 4.66818
861 4.07336
862 4.38947
863 7.04417
864 4.86795
865 6.2094
866 3.06132
867 3.87426
868 4.40862
869 3.86979
870 3.199
871 4.84938
872 5.06997
873 3.26344
874 3.58953
875 4.27444
876 4.39891
877 3.07897
878 5.05311
879 3.20406
880 4.84961
881 4.06423
882 6.20867
883 7.07955
884 4.85205
885 3.85374
886 3.86532
887 4.39551
888 3.59638
889 4.26576
890 3.25737
891 3.00138
892 4.08236
893 4.64554
894 4.37708
895 3.07131
896 4.38076
897 4.6614
898 3.0589
899 4.06281
900 4.39226
901 4.41121
902 4.07744
903 4.67288
904 4.07158
905 4.40376
906 3.06678
907 4.39824
908 3.06907
909 4.08092
910 3.00165
