1 2.72704
2 2.72668
3 2.73037
4 2.74377
5 2.73857
6 2.73857
7 2.7308
8 2.7379
9 2.72325
10 2.73469
11 2.73284
12 2.73685
13 2.73281
14 2.73174
15 2.73445
16 2.73466
17 2.7423
18 2.7423
19 2.73438
20 2.72794
21 2.73566
22 2.73656
23 2.73393
24 2.73053
25 2.73305
26 2.73833
27 2.73833
28 2.72759
29 2.72958
30 2.726
31 2.73501
32 2.73052
33 2.72704
34 2.73556
35 2.73496
36 2.73275
37 2.7236
38 2.7236
39 2.73682
40 2.73726
41 2.73246
42 2.72804
43 2.7375
44 2.73318
45 2.7342
46 2.7342
47 2.73457
48 2.72155
49 2.73877
50 2.73487
51 2.7409
52 2.73641
53 2.73641
54 2.72633
55 2.7385
56 2.73121
57 2.73898
58 2.72557
59 2.72641
60 2.73668
61 2.73408
62 2.73408
63 2.73226
64 2.7287
65 2.73248
66 2.73214
67 2.73025
68 2.73588
69 2.73252
70 2.73607
71 2.73408
72 2.73352
73 2.72994
74 2.72994
75 2.73879
76 2.72373
77 2.74163
78 2.73272
79 2.73083
80 2.73305
81 2.72737
82 2.73347
83 2.73635
84 2.73357
85 2.73357
86 2.72966
87 2.73482
88 2.73851
89 2.73189
90 2.73663
91 2.73218
92 2.7341
93 2.7236
94 2.7236
95 2.73376
96 2.7363
97 2.72719
98 2.729
99 2.73881
100 2.73699
101 2.73339
102 2.72772
103 2.72574
104 2.72574
105 2.74393
106 2.73366
107 2.73161
108 2.73179
109 2.73359
110 2.73795
111 2.73288
112 2.73689
113 2.73689
114 2.74189
115 2.73105
116 2.73707
117 2.73214
118 2.72689
119 2.73284
120 2.7282
121 2.73364
122 2.73364
123 2.73379
124 2.73175
125 2.73471
126 2.74036
127 2.73587
128 2.74268
129 2.73035
130 2.73449
131 2.73449
132 2.73701
133 2.73585
134 2.73188
135 2.73195
136 2.73557
137 2.73455
138 2.73231
139 2.73231
140 2.73035
141 2.73928
142 2.73919
143 2.74174
144 2.73055
145 2.73105
146 2.73149
147 2.73353
148 2.72865
149 2.72865
150 2.73652
151 2.74062
152 2.73486
153 2.72816
154 2.72882
155 2.73987
156 2.736
157 2.74078
158 2.73373
159 2.73373
160 2.72674
161 2.7345
162 2.73465
163 2.72709
164 2.73377
165 2.72635
166 2.72451
167 2.7326
168 2.73197
169 2.73224
170 2.73609
171 2.73275
172 2.73309
173 2.73536
174 2.72709
175 2.73106
176 2.73158
177 2.7385
178 2.73458
179 2.73344
180 2.72831
181 2.72831
182 2.73818
183 2.7346
184 2.73089
185 2.73822
186 2.7337
187 2.73049
188 2.7351
189 2.73086
190 2.73086
191 2.73103
192 2.72768
193 2.74597
194 2.72905
195 2.73451
196 2.738
197 2.73631
198 2.73063
199 2.73202
200 2.73511
201 2.72705
202 2.74097
203 2.7381
204 2.73753
205 2.73753
206 2.74235
207 2.7378
208 2.73293
209 2.7251
210 2.72852
211 2.73315
212 2.73309
213 2.74133
214 2.74133
215 2.73729
216 2.73016
217 2.74012
218 2.73297
219 2.73249
220 2.73562
221 2.7335
222 2.73234
223 2.73427
224 2.73427
225 2.72901
226 2.7415
227 2.73526
228 2.72727
229 2.73281
230 2.73397
231 2.73447
232 2.72904
233 2.72398
234 2.72398
235 2.73316
236 2.73288
237 2.72719
238 2.73528
239 2.73865
240 2.74205
241 2.72681
242 2.72995
243 2.72847
244 2.72847
245 2.73133
246 2.73083
247 2.73482
248 2.73093
249 2.73196
250 2.7414
251 2.73087
252 2.72779
253 2.72779
254 2.72733
255 2.73562
256 2.73764
257 2.73095
258 2.72514
259 2.72854
260 2.73259
261 2.73448
262 2.73448
263 2.73585
264 2.73233
265 2.73341
266 2.72887
267 2.74764
268 2.73424
269 2.73495
270 2.73222
271 2.73222
272 2.7363
273 2.73364
274 2.73449
275 2.73637
276 2.74359
277 2.72504
278 2.73743
279 2.73788
280 2.73788
281 2.73755
282 2.73658
283 2.728
284 2.73516
285 2.73384
286 2.73547
287 2.73363
288 2.74133
289 2.74133
290 2.73017
291 2.73897
292 2.73798
293 2.72485
294 2.72638
295 2.72788
296 2.72885
297 2.73964
298 2.73964
299 2.73362
300 2.73604
301 2.74249
302 2.72821
303 2.73262
304 2.72357
305 2.73105
306 2.73105
307 2.73024
308 2.7436
309 2.7375
310 2.73067
311 2.73426
312 2.74062
313 2.73502
314 2.72955
315 2.72955
316 2.735
317 2.73478
318 2.72696
319 2.74014
320 2.73039
321 2.72404
322 2.73324
323 2.73325
324 2.73325
325 2.73265
326 2.73031
327 2.7339
328 2.73399
329 2.73599
330 2.736
331 2.59858
332 2.60026
333 2.60026
334 2.60086
335 2.60395
336 2.59422
337 2.59341
338 2.60502
339 2.59887
340 2.59937
341 2.59937
342 2.59596
343 2.60132
344 2.60379
345 2.60666
346 2.60259
347 2.59701
348 2.60015
349 2.60015
350 2.59799
351 2.60042
352 2.59974
353 2.59405
354 2.60097
355 2.59062
356 2.59062
357 2.60707
358 2.60467
359 2.60407
360 3.00297
361 3.00297
362 2.72865
363 2.99593
364 2.99593
365 2.60328
366 2.60558
367 2.60011
368 2.59816
369 2.59816
370 3.0034
371 2.73711
372 2.99879
373 2.99879
374 2.7228
375 2.99962
376 2.99962
377 2.72676
378 2.72636
379 2.99464
380 2.59691
381 2.60088
382 2.60279
383 2.60279
384 2.60454
385 3.00282
386 2.73232
387 2.99209
388 2.99209
389 2.72829
390 2.99585
391 3.00442
392 2.72836
393 2.72836
394 3.00231
395 2.59457
396 2.59636
397 2.59925
398 2.59925
399 2.60076
400 2.60154
401 2.60022
402 2.59924
403 2.59789
404 2.59789
405 2.73645
406 2.99958
407 2.99324
408 2.73224
409 2.73356
410 2.99904
411 2.7356
412 2.72763
413 2.99815
414 2.74024
415 2.59843
416 2.59843
417 2.59949
418 2.59596
419 2.6023
420 2.59408
421 2.60275
422 2.5985
423 2.60194
424 2.60194
425 2.59144
426 2.6038
427 2.59447
428 2.60157
429 2.59626
430 2.60147
431 2.59883
432 2.59883
433 2.6055
434 2.60273
435 2.60459
436 2.59852
437 2.59605
438 2.6033
439 2.59884
440 2.59884
441 2.60062
442 2.60212
443 2.60117
444 2.59872
445 2.59791
446 2.61384
447 2.59463
448 2.59463
449 2.59745
450 2.60122
451 2.60244
452 2.5966
453 2.60764
454 2.60251
455 2.59208
456 2.59208
457 2.60981
458 2.60301
459 2.6053
460 2.6003
461 2.59787
462 2.59564
463 2.59578
464 2.59578
465 2.5956
466 2.60306
467 2.59722
468 2.5974
469 2.60066
470 2.59
471 2.60012
472 2.59531
473 2.60283
474 2.60108
475 2.60733
476 2.99833
477 2.73033
478 2.99561
479 3.00198
480 2.73034
481 3.00265
482 2.9962
483 2.73128
484 2.73341
485 2.9966
486 2.59685
487 2.6072
488 2.60159
489 2.59411
490 2.60165
491 2.59919
492 2.59919
493 2.60072
494 2.60153
495 2.594
496 2.73487
497 2.99815
498 2.99815
499 2.73245
500 2.732
501 2.99544
502 2.73669
503 2.74387
504 3.00211
505 2.73187
506 2.60298
507 2.60431
508 2.59639
509 2.59751
510 2.59751
511 2.60156
512 2.59456
513 2.6002
514 2.60287
515 2.60948
516 2.73756
517 3.00009
518 3.00031
519 2.73091
520 2.7351
521 3.00049
522 2.733
523 2.74202
524 3.00366
525 2.73109
526 2.603
527 2.60056
528 2.59655
529 2.59655
530 2.5947
531 2.60312
532 2.59471
533 2.60271
534 2.60182
535 2.60182
536 2.73785
537 2.73777
538 2.99799
539 2.73551
540 2.73044
541 2.59546
542 2.59594
543 2.59869
544 2.59411
545 2.59643
546 2.5966
547 2.5966
548 2.5917
549 2.59748
550 2.60719
551 2.60367
552 2.60305
553 2.59815
554 2.60342
555 2.60038
556 2.60038
557 2.59994
558 2.60276
559 2.60097
560 2.60076
561 2.59645
562 2.60107
563 2.60357
564 2.60357
565 2.5982
566 2.60262
567 2.60491
568 2.59731
569 2.60165
570 2.60649
571 2.60649
572 2.6015
573 2.59941
574 2.59929
575 2.59055
576 2.59357
577 2.59458
578 2.60238
579 2.60238
580 2.60613
581 2.59457
582 2.6007
583 2.59153
584 2.5991
585 2.59561
586 2.59371
587 2.59371
588 2.60475
589 2.59869
590 2.59947
591 2.5987
592 2.59981
593 2.60425
594 2.59985
595 2.59985
596 2.60112
597 2.60101
598 2.60338
599 2.59846
600 2.60035
601 2.60035
602 3.00553
603 2.7361
604 3.00067
605 3.00067
606 2.73092
607 3.00067
608 3.00067
609 2.73065
610 2.73472
611 3.0029
612 2.60084
613 2.60105
614 2.59664
615 2.60173
616 2.60173
617 2.59908
618 2.60383
619 2.59977
620 2.60133
621 2.60175
622 2.73599
623 2.99775
624 2.99487
625 2.73095
626 2.73204
627 3.00128
628 2.73505
629 2.73344
630 3.00184
631 2.73292
632 2.60226
633 2.5985
634 2.5985
635 2.59706
636 2.60904
637 2.60034
638 2.60448
639 2.59975
640 2.59975
641 2.60318
642 2.73557
643 2.99587
644 3.00066
645 2.73446
646 2.72473
647 2.99863
648 2.73627
649 2.73837
650 3.00356
651 2.73727
652 2.60517
653 2.60517
654 2.60004
655 2.59838
656 2.59826
657 2.60947
658 2.59923
659 2.59923
660 2.60615
661 2.60536
662 2.735
663 2.72791
664 2.99778
665 2.73202
666 2.73029
667 2.6044
668 2.60374
669 2.59887
670 2.59887
671 2.59968
672 2.5971
673 2.60046
674 2.60401
675 2.60092
676 2.60112
677 2.59644
678 2.59644
679 2.60073
680 2.59253
681 2.59062
682 2.60047
683 2.60088
684 2.59918
685 2.59762
686 2.59762
687 2.60391
688 2.5997
689 2.60763
690 2.59935
691 2.59391
692 2.5963
693 2.5963
694 2.60172
695 2.59852
696 2.60497
697 2.59915
698 2.596
699 2.60604
700 2.60047
701 2.60047
702 2.5941
703 2.60288
704 2.59883
705 2.59512
706 2.59476
707 2.60316
708 2.59305
709 2.59305
710 2.60692
711 2.60051
712 2.60167
713 2.59653
714 2.60415
715 2.59837
716 2.59837
717 2.59919
718 2.60086
719 2.59946
720 2.5982
721 2.59771
722 2.60049
723 2.60216
724 2.60216
725 2.60303
726 2.60194
727 2.59643
728 2.59472
729 2.60422
730 2.60394
731 2.60677
732 2.60677
733 2.60295
734 2.60312
735 2.59681
736 2.59965
737 2.60207
738 2.60732
739 2.60732
740 2.60638
741 2.5922
742 2.59383
743 2.60156
744 2.60319
745 2.60319
746 2.59126
747 2.7294
748 2.99469
749 2.99469
750 2.72952
751 2.73149
752 3.00473
753 2.73653
754 2.73642
755 3.0008
756 2.73306
757 2.60032
758 2.60521
759 2.6013
760 2.60042
761 2.60363
762 2.59969
763 2.59969
764 2.60019
765 2.60432
766 2.6045
767 2.7332
768 2.73519
769 2.99539
770 2.72583
771 2.72317
772 2.59585
773 2.5911
774 2.5911
775 2.60586
776 2.59644
777 2.60075
778 2.59863
779 2.60612
780 2.60612
781 2.59957
782 2.72399
783 2.73092
784 3.00111
785 2.73631
786 2.73226
787 2.59118
788 2.60437
789 2.59902
790 2.60341
791 2.60341
792 2.73141
793 3.81229
794 3.80645
795 3.81005
796 3.79912
797 3.79705
798 3.81344
799 3.81046
800 3.79885
801 3.80365
802 3.80285
803 3.81142
804 3.79882
805 3.7934
806 3.78779
807 3.80153
808 3.80012
809 3.79886
810 3.79412
811 3.80099
812 3.81076
813 3.79519
814 3.79408
815 3.79493
816 3.79216
817 3.81005
818 3.8047
819 3.80086
820 3.79054
821 3.80399
822 3.8069
823 3.80189
824 3.81536
825 3.79692
826 3.80685
827 3.79133
828 3.80341
829 3.79382
830 3.79939
831 3.81029
832 3.80662
833 3.79688
834 3.80401
835 3.79
836 3.79322
837 3.81211
838 3.78915
839 3.79753
840 3.79913
841 3.78973
842 3.7967
843 3.7925
844 3.79874
845 3.80195
846 3.81818
847 3.79569
848 3.80195
849 3.80381
850 3.79097
851 3.79904
852 3.80507
853 3.80054
854 3.79224
855 3.79067
856 3.78685
857 3.80449
858 3.79612
859 3.79227
860 3.78503
861 3.81138
862 3.80734
863 3.80678
864 3.79814
865 3.79629
866 3.79593
867 3.80173
868 3.79666
869 3.79691
870 3.80117
871 3.79938
872 3.80151
873 3.79737
874 3.79604
875 3.80016
876 3.78279
877 3.52113
878 3.53381
879 3.52899
880 3.5294
881 3.52648
882 3.5289
883 4.06951
884 3.13185
885 4.06676
886 4.07032
887 3.80987
888 3.13298
889 4.05611
890 4.06749
891 3.78959
892 3.12813
893 3.12292
894 3.11948
895 4.07563
896 3.79579
897 3.79743
898 3.54154
899 3.53655
900 3.53695
901 3.53992
902 3.54309
903 3.5471
904 3.524
905 3.53419
906 3.5238
907 3.53269
908 3.52529
909 3.53561
910 3.54061
911 3.53668
912 3.53524
913 3.13716
914 4.06208
915 4.05546
916 3.80376
917 3.12151
918 3.14011
919 3.12509
920 4.06539
921 3.79577
922 3.80084
923 3.12775
924 3.12395
925 3.13194
926 4.05462
927 3.79545
928 3.79543
929 3.13195
930 3.13852
931 3.13468
932 3.79808
933 3.5379
934 3.53931
935 3.52112
936 3.53457
937 3.52873
938 3.52986
939 3.54514
940 3.53011
941 3.5245
942 3.52219
943 3.53004
944 3.52578
945 3.53154
946 3.53205
947 3.53821
948 3.14167
949 4.05911
950 4.05978
951 3.77775
952 3.12515
953 3.12963
954 3.14359
955 4.07703
956 3.81162
957 3.79461
958 3.13686
959 3.12978
960 3.13029
961 4.05817
962 3.7934
963 3.79275
964 3.1373
965 3.13294
966 3.13837
967 3.80366
968 3.51885
969 3.5221
970 3.53694
971 3.53529
972 3.55104
973 3.5359
974 3.5348
975 3.52959
976 3.53082
977 3.53087
978 3.53207
979 3.53303
980 3.53419
981 3.53605
982 3.54087
983 3.53328
984 3.54044
985 3.53359
986 3.53271
987 3.52336
988 3.14601
989 3.13215
990 3.13231
991 4.06717
992 3.80919
993 3.80354
994 3.12744
995 3.1247
996 3.12877
997 3.79557
998 3.12668
999 3.13245
1000 3.13734
1001 3.79751
1002 3.14421
1003 3.80742
1004 3.81256
1005 3.79896
1006 3.80586
1007 3.80144
1008 3.79588
1009 3.81031
1010 3.79972
1011 3.80262
1012 3.79504
1013 3.79859
1014 3.80568
1015 3.78913
1016 3.80172
1017 3.79524
1018 3.80616
1019 3.80798
1020 3.80799
1021 3.80352
1022 3.80446
1023 3.80542
1024 3.80136
1025 3.79339
1026 3.80951
1027 3.80453
1028 3.80203
1029 3.80567
1030 3.80335
1031 3.8069
1032 3.80253
1033 3.80589
1034 3.80495
1035 3.7995
1036 3.79533
1037 3.80657
1038 3.79416
1039 3.79951
1040 3.80771
1041 3.80727
1042 3.79691
1043 3.80507
1044 3.78494
1045 3.79748
1046 3.80374
1047 3.79336
1048 3.80154
1049 3.79184
1050 3.80377
1051 3.79056
1052 3.79698
1053 3.79873
1054 3.80892
1055 3.79481
1056 3.81406
1057 3.79885
1058 3.81311
1059 3.7979
1060 3.79318
1061 3.79019
1062 3.8023
1063 3.7931
1064 3.79284
1065 3.8033
1066 3.79753
1067 3.79267
1068 3.79706
1069 3.8088
1070 3.80668
1071 3.79942
1072 3.79319
1073 3.78836
1074 3.79637
1075 3.80031
1076 3.79478
1077 3.80202
1078 3.80506
1079 3.80597
1080 3.78915
1081 3.79481
1082 3.78937
1083 3.79591
1084 3.80228
1085 3.80293
1086 3.80304
1087 3.79568
1088 3.79369
1089 3.79533
1090 3.80369
1091 3.80476
1092 3.79752
1093 3.79667
1094 3.80621
1095 3.79684
1096 3.78638
1097 3.80483
1098 3.79572
1099 3.8175
1100 3.80107
1101 3.79707
1102 3.80367
1103 3.78795
1104 3.80852
1105 3.80675
1106 3.81429
1107 3.79635
1108 3.80463
1109 3.80033
1110 3.80062
1111 3.805
1112 3.7997
1113 3.80185
1114 3.80525
1115 3.81012
1116 3.8064
1117 3.7927
1118 3.79735
1119 3.80426
1120 3.80397
1121 3.79811
1122 3.79593
1123 3.7914
1124 3.80211
1125 3.7986
1126 3.79663
1127 3.80175
1128 3.79739
1129 3.54568
1130 3.53294
1131 3.53085
1132 3.52755
1133 3.52863
1134 3.53107
1135 3.52757
1136 3.53353
1137 3.53579
1138 3.53748
1139 3.53289
1140 3.51584
1141 3.5384
1142 3.52141
1143 3.53253
1144 3.12313
1145 4.06044
1146 4.07751
1147 3.78782
1148 3.12238
1149 3.1393
1150 3.1349
1151 4.067
1152 3.79813
1153 3.7947
1154 3.13003
1155 3.15153
1156 3.12981
1157 4.06911
1158 3.80181
1159 3.80001
1160 3.12557
1161 3.12564
1162 3.13054
1163 3.7922
1164 3.53337
1165 3.53424
1166 3.54086
1167 3.53102
1168 3.53659
1169 3.52594
1170 3.52996
1171 3.52195
1172 3.52835
1173 3.52193
1174 3.52836
1175 3.54314
1176 3.53337
1177 3.53087
1178 3.52944
1179 3.5402
1180 3.53358
1181 3.53023
1182 3.54013
1183 3.54225
1184 3.1352
1185 3.13922
1186 3.14282
1187 4.06106
1188 3.80796
1189 3.82046
1190 3.12907
1191 3.13839
1192 3.12298
1193 3.81673
1194 3.13737
1195 3.14597
1196 3.13385
1197 3.78546
1198 3.13569
1199 3.54207
1200 3.53508
1201 3.53193
1202 3.52745
1203 3.52262
1204 3.51792
1205 3.5385
1206 3.52119
1207 3.53116
1208 3.53584
1209 3.53333
1210 3.52817
1211 3.53223
1212 3.54579
1213 3.52222
1214 3.5364
1215 3.5358
1216 3.53462
1217 3.54189
1218 3.53328
1219 3.14874
1220 3.13305
1221 3.12764
1222 4.0608
1223 3.807
1224 3.81252
1225 3.13933
1226 3.13513
1227 3.12489
1228 3.79749
1229 3.13176
1230 3.12044
1231 3.13432
1232 3.80106
1233 3.13829
1234 3.5237
1235 3.53447
1236 3.53589
1237 3.53758
1238 3.54099
1239 3.53653
1240 3.53766
1241 3.53863
1242 3.53676
1243 3.52623
1244 3.54486
1245 3.52418
1246 3.53239
1247 3.54161
1248 3.53297
1249 3.13322
1250 3.13442
1251 3.13654
1252 3.79061
1253 3.13551
1254 3.1382
1255 2.99537
1256 3.00415
1257 3.00091
1258 3.00339
1259 3.00892
1260 3.00892
1261 3.0003
1262 3.0005
1263 2.99714
1264 2.99063
1265 3.00753
1266 3.00483
1267 2.9874
1268 3.0001
1269 2.99161
1270 2.99601
1271 2.99881
1272 3.00122
1273 3.00122
1274 3.0054
1275 2.99742
1276 3.0012
1277 2.9981
1278 3.00224
1279 3.00965
1280 3.00085
1281 2.99102
1282 3.00016
1283 3.01052
1284 3.00001
1285 3.00009
1286 3.00563
1287 3.00563
1288 2.99596
1289 2.99905
1290 2.99498
1291 2.99687
1292 2.99437
1293 3.01151
1294 2.99325
1295 3.00353
1296 3.0046
1297 3.00717
1298 2.99064
1299 2.98931
1300 3.00709
1301 2.98238
1302 2.98238
1303 3.0012
1304 3.00578
1305 3.00284
1306 3.00216
1307 2.99435
1308 2.99456
1309 2.99375
1310 3.0044
1311 4.12518
1312 4.14435
1313 4.15525
1314 4.13041
1315 4.13169
1316 4.3989
1317 2.80134
1318 4.40305
1319 4.40997
1320 2.79363
1321 4.39709
1322 4.39709
1323 2.79942
1324 2.79887
1325 4.39713
1326 4.12983
1327 4.13704
1328 4.12243
1329 4.12254
1330 4.12566
1331 4.1411
1332 4.12224
1333 4.13427
1334 4.12883
1335 4.13029
1336 2.80423
1337 4.39312
1338 4.38259
1339 2.79812
1340 2.8033
1341 4.40455
1342 2.79831
1343 2.79144
1344 4.40866
1345 2.7942
1346 4.14629
1347 4.13945
1348 4.13196
1349 4.14143
1350 4.14427
1351 4.13286
1352 4.15496
1353 4.14231
1354 4.14126
1355 4.11363
1356 2.79808
1357 4.39264
1358 4.39962
1359 2.80284
1360 2.78683
1361 4.41223
1362 2.80351
1363 2.80583
1364 4.40305
1365 2.79533
1366 4.12242
1367 4.12807
1368 4.13151
1369 4.12474
1370 4.13467
1371 4.12465
1372 4.13876
1373 4.13118
1374 4.11487
1375 4.11359
1376 2.80169
1377 2.80837
1378 4.40995
1379 2.80015
1380 2.79929
1381 2.60146
1382 2.60519
1383 2.59863
1384 2.60234
1385 2.60234
1386 2.606
1387 2.60097
1388 2.60198
1389 2.5913
1390 2.59645
1391 2.59741
1392 2.59741
1393 2.59967
1394 2.59802
1395 2.60406
1396 3.13997
1397 3.26392
1398 3.26132
1399 2.99966
1400 3.13811
1401 3.12711
1402 3.1434
1403 3.26991
1404 3.00574
1405 3.00182
1406 3.13361
1407 3.13361
1408 3.13559
1409 3.27797
1410 2.99402
1411 2.98873
1412 3.1479
1413 3.13182
1414 3.13158
1415 2.98135
1416 2.60061
1417 2.60061
1418 2.60992
1419 2.61008
1420 2.59766
1421 2.59929
1422 2.60189
1423 2.59137
1424 2.60859
1425 2.60859
1426 2.60183
1427 2.59653
1428 2.60091
1429 2.59318
1430 2.59645
1431 2.59645
1432 2.60114
1433 2.60095
1434 2.59113
1435 2.60196
1436 3.12945
1437 3.12743
1438 3.14269
1439 3.2583
1440 3.00291
1441 2.99727
1442 3.13222
1443 3.13161
1444 3.13141
1445 2.99701
1446 3.13485
1447 3.13143
1448 3.13316
1449 3.00563
1450 3.12923
1451 3.19214
1452 3.19735
1453 3.20815
1454 3.193
1455 3.19419
1456 3.2087
1457 3.20258
1458 3.19425
1459 3.20989
1460 3.19378
1461 2.79861
1462 3.60884
1463 3.60884
1464 2.79362
1465 2.80922
1466 3.59655
1467 2.8035
1468 2.8035
1469 3.57972
1470 2.80704
1471 3.18987
1472 3.20916
1473 3.20389
1474 4.26854
1475 4.2168
1476 4.19473
1477 3.18862
1478 3.19809
1479 3.19905
1480 4.19423
1481 2.53408
1482 2.53564
1483 3.61012
1484 2.80252
1485 2.53376
1486 3.20966
1487 3.20148
1488 3.20912
1489 3.19433
1490 3.19278
1491 3.21141
1492 3.21141
1493 3.20314
1494 3.20457
1495 3.20117
1496 2.80148
1497 2.79541
1498 3.60139
1499 2.80457
1500 2.79597
1501 3.20384
1502 3.18868
1503 3.19095
1504 4.20857
1505 3.19559
1506 2.53457
1507 3.01433
1508 2.99671
1509 3.00092
1510 3.00309
1511 3.001
1512 2.99403
1513 2.99429
1514 3.0005
1515 3.00396
1516 2.99645
1517 2.99563
1518 2.9999
1519 2.99218
1520 2.99218
1521 2.99481
1522 2.99316
1523 2.99437
1524 3.00647
1525 3.00458
1526 2.98713
1527 3.00152
1528 3.00082
1529 2.99512
1530 2.97892
1531 3.00176
1532 3.00417
1533 3.00471
1534 3.00192
1535 3.00192
1536 2.99166
1537 3.00716
1538 3.00448
1539 2.99663
1540 3.00518
1541 2.99902
1542 2.99091
1543 2.99351
1544 3.00628
1545 3.00769
1546 3.01098
1547 3.00028
1548 3.00028
1549 2.99923
1550 3.00468
1551 2.99675
1552 3.013
1553 2.9983
1554 2.99072
1555 2.99376
1556 2.99425
1557 2.99422
1558 2.99229
1559 3.00199
1560 2.98924
1561 2.98924
1562 3.00247
1563 3.00186
1564 2.99372
1565 3.00164
1566 3.00145
1567 2.9935
1568 3.0017
1569 2.99807
1570 2.99076
1571 2.99737
1572 3.0018
1573 3.00299
1574 2.99887
1575 3.00909
1576 3.00031
1577 4.1423
1578 4.13196
1579 4.12605
1580 4.14851
1581 4.13078
1582 4.12868
1583 4.13668
1584 4.1424
1585 4.12481
1586 4.13492
1587 2.79639
1588 4.39634
1589 4.3789
1590 2.7859
1591 2.7927
1592 4.40446
1593 2.80495
1594 2.78705
1595 4.39789
1596 2.80438
1597 4.15282
1598 4.15842
1599 4.13639
1600 4.13293
1601 4.13094
1602 4.12899
1603 4.12419
1604 4.14392
1605 4.13934
1606 4.12864
1607 2.79932
1608 2.80591
1609 4.40775
1610 2.7981
1611 2.79482
1612 4.12217
1613 4.13063
1614 4.13129
1615 4.1365
1616 4.13352
1617 4.14117
1618 4.12536
1619 4.13422
1620 4.1444
1621 4.13879
1622 2.80235
1623 2.80298
1624 4.39074
1625 2.80058
1626 2.8014
1627 4.11135
1628 4.13771
1629 4.13672
1630 4.13019
1631 4.14419
1632 2.79616
1633 2.59592
1634 2.59507
1635 2.6003
1636 2.60467
1637 2.60064
1638 2.60218
1639 2.60493
1640 2.60493
1641 2.60046
1642 2.59363
1643 2.60814
1644 2.60847
1645 2.60296
1646 2.60296
1647 2.59671
1648 2.60367
1649 2.60218
1650 2.59731
1651 2.60264
1652 2.59633
1653 3.12997
1654 3.11929
1655 3.1305
1656 3.26798
1657 3.00668
1658 2.99894
1659 3.14257
1660 3.12866
1661 3.1275
1662 3.00284
1663 3.12471
1664 3.12718
1665 3.12718
1666 3.00283
1667 3.13156
1668 2.60616
1669 2.61341
1670 2.59798
1671 2.59061
1672 2.60776
1673 2.59951
1674 2.59603
1675 2.59603
1676 2.60217
1677 2.59315
1678 2.59404
1679 2.60709
1680 2.59518
1681 2.59518
1682 2.60503
1683 3.14177
1684 3.13503
1685 3.14299
1686 3.00065
1687 3.12133
1688 3.13239
1689 3.19819
1690 3.19652
1691 3.1966
1692 3.19617
1693 3.20548
1694 3.19773
1695 3.20713
1696 3.20876
1697 3.19888
1698 3.19737
1699 2.81149
1700 2.81149
1701 3.60858
1702 2.80694
1703 2.80766
1704 3.2083
1705 3.20642
1706 3.21028
1707 4.18121
1708 3.18792
1709 2.53433
1710 3.19793
1711 3.20386
1712 3.19489
1713 3.20471
1714 3.19996
1715 2.8009
1716 3.18869
1717 2.80408
1718 2.79803
1719 2.79803
1720 2.79618
1721 2.79807
1722 2.80161
1723 2.79548
1724 2.79627
1725 2.80424
1726 2.8009
1727 2.79743
1728 2.80385
1729 2.796
1730 2.79596
1731 2.80066
1732 2.80503
1733 2.80105
1734 2.79337
1735 2.79337
1736 2.80206
1737 2.79806
1738 2.80067
1739 2.79874
1740 2.8032
1741 2.80102
1742 2.79776
1743 2.79415
1744 2.79938
1745 2.80793
1746 2.80163
1747 2.80289
1748 2.80144
1749 2.79776
1750 2.79776
1751 2.79307
1752 2.7994
1753 2.80068
1754 2.80654
1755 2.80107
1756 2.798
1757 2.80237
1758 2.79641
1759 2.78868
1760 2.79961
1761 2.80124
1762 2.804
1763 2.80437
1764 2.79328
1765 2.79815
1766 2.79815
1767 2.7933
1768 2.79498
1769 2.79302
1770 2.79383
1771 2.801
1772 2.80445
1773 2.80183
1774 2.80293
1775 2.7971
1776 2.80374
1777 2.79953
1778 2.79768
1779 2.79382
1780 2.80068
1781 2.79589
1782 2.79589
1783 2.79675
1784 2.79143
1785 2.79959
1786 2.78828
1787 2.79732
1788 2.80472
1789 2.79996
1790 2.80261
1791 2.80561
1792 2.80319
1793 2.81073
1794 2.79691
1795 2.81305
1796 2.7931
1797 2.7931
1798 2.79967
1799 2.80655
1800 2.79306
1801 2.80359
1802 2.79839
1803 2.80711
1804 2.79975
1805 2.81224
1806 2.801
1807 2.80034
1808 2.79883
1809 2.80226
1810 2.79794
1811 2.80113
1812 2.80097
1813 2.80097
1814 2.79531
1815 2.79952
1816 2.79171
1817 2.79622
1818 2.80563
1819 2.80842
1820 2.80409
1821 2.79689
1822 2.80173
1823 2.7968
1824 2.79282
1825 2.79995
1826 2.79975
1827 2.80071
1828 2.80027
1829 2.80027
1830 2.80439
1831 2.7955
1832 2.80613
1833 2.80505
1834 2.79832
1835 2.80029
1836 2.7997
1837 2.79641
1838 2.80134
1839 2.80215
1840 2.80972
1841 2.80437
1842 2.80493
1843 2.79753
1844 2.80128
1845 2.80128
1846 2.79277
1847 2.79858
1848 2.80071
1849 2.80605
1850 2.79402
1851 2.80412
1852 2.80044
1853 2.79838
1854 2.80664
1855 2.80558
1856 2.79945
1857 2.79413
1858 2.80012
1859 2.80242
1860 2.80425
1861 2.80425
1862 2.81036
1863 2.79777
1864 2.79832
1865 2.79121
1866 2.79804
1867 2.80253
1868 2.80154
1869 2.80425
1870 2.80335
1871 2.80356
1872 2.80722
1873 2.79552
1874 2.79728
1875 2.79251
1876 2.7955
1877 2.7955
1878 2.80238
1879 2.79973
1880 2.80164
1881 2.79109
1882 2.79889
1883 2.80892
1884 2.79834
1885 2.80121
1886 2.80572
1887 2.79524
1888 2.80702
1889 2.79649
1890 2.80076
1891 2.79907
1892 2.79139
1893 2.79139
1894 2.80029
1895 2.79792
1896 2.80906
1897 2.79783
1898 2.80028
1899 2.80187
1900 2.80092
1901 2.79458
1902 2.80555
1903 2.79519
1904 2.79914
1905 2.79435
1906 2.79168
1907 2.80346
1908 2.80668
1909 2.80668
1910 2.79633
1911 2.80338
1912 2.79811
1913 2.81023
1914 2.79941
1915 2.7992
1916 2.79253
1917 2.80165
1918 2.79418
1919 2.80459
1920 2.80083
1921 2.80896
1922 2.79336
1923 2.8039
1924 2.80456
1925 2.80456
1926 2.80034
1927 2.53641
1928 2.53387
1929 2.53283
1930 2.52777
1931 2.53316
1932 2.53316
1933 2.53068
1934 2.53441
1935 2.53034
1936 2.53253
1937 2.53427
1938 2.53427
1939 2.53702
1940 2.53693
1941 2.53553
1942 2.5402
1943 2.53551
1944 2.53551
1945 2.54095
1946 2.52642
1947 2.52962
1948 2.80073
1949 3.06383
1950 3.06383
1951 2.80525
1952 3.06531
1953 2.79768
1954 2.80075
1955 2.80066
1956 2.80069
1957 3.06371
1958 2.78954
1959 3.0671
1960 2.79878
1961 3.07293
1962 2.79448
1963 2.80805
1964 2.80407
1965 2.80823
1966 2.80526
1967 3.06895
1968 2.80127
1969 3.06834
1970 2.8029
1971 3.06636
1972 2.80187
1973 2.7975
1974 2.81149
1975 2.80629
1976 2.80338
1977 2.79724
1978 2.80108
1979 2.79999
1980 3.07182
1981 2.80202
1982 2.79865
1983 2.53733
1984 2.53499
1985 2.53307
1986 2.53502
1987 2.53207
1988 2.53207
1989 2.54055
1990 2.53135
1991 2.53116
1992 2.52664
1993 2.52664
1994 2.53463
1995 2.53413
1996 2.52832
1997 2.5248
1998 2.53863
1999 2.53863
2000 2.52764
2001 2.53448
2002 2.53892
2003 2.52702
2004 2.53367
2005 2.53367
2006 2.5335
2007 2.53269
2008 2.53757
2009 2.53583
2010 2.53583
2011 2.53715
2012 2.53549
2013 2.53245
2014 2.54041
2015 2.54016
2016 2.54016
2017 2.53402
2018 2.79883
2019 2.80348
2020 2.79673
2021 2.80586
2022 3.07422
2023 2.79318
2024 3.06457
2025 2.79303
2026 3.06327
2027 2.79715
2028 2.79363
2029 2.80874
2030 2.79385
2031 2.80453
2032 2.80282
2033 2.80993
2034 2.80705
2035 3.06374
2036 2.80558
2037 2.79628
2038 2.81976
2039 2.80291
2040 2.80015
2041 2.80504
2042 2.80366
2043 2.80495
2044 2.79967
2045 3.06715
2046 2.80551
2047 2.80738
2048 2.81169
2049 2.80149
2050 2.79219
2051 2.7944
2052 2.79295
2053 2.53899
2054 2.53899
2055 2.53203
2056 2.54125
2057 2.53037
2058 2.53224
2059 2.53003
2060 2.5426
2061 2.52951
2062 2.53361
2063 2.53361
2064 2.53724
2065 2.54549
2066 2.53373
2067 2.53097
2068 2.54135
2069 2.54135
2070 2.53196
2071 2.53354
2072 2.53897
2073 2.53756
2074 2.53132
2075 2.53132
2076 2.53277
2077 2.53078
2078 2.53493
2079 2.5319
2080 2.53008
2081 2.53008
2082 2.54296
2083 2.53483
2084 2.52435
2085 2.53339
2086 2.53479
2087 2.53479
2088 2.79594
2089 2.8012
2090 2.80325
2091 2.79882
2092 3.0728
2093 2.79777
2094 3.0666
2095 2.80103
2096 3.06766
2097 2.79852
2098 2.8006
2099 2.80814
2100 2.78869
2101 2.80697
2102 2.81113
2103 2.80081
2104 2.799
2105 3.07203
2106 2.79934
2107 2.79197
2108 2.80145
2109 2.80109
2110 2.80109
2111 2.80593
2112 2.79654
2113 2.7944
2114 2.79136
2115 3.06999
2116 2.80938
2117 2.7974
2118 2.8024
2119 2.80552
2120 2.80661
2121 2.80661
2122 2.80567
2123 2.54182
2124 2.53617
2125 2.53569
2126 2.52983
2127 2.52902
2128 2.52902
2129 2.52793
2130 2.52877
2131 2.53338
2132 2.5336
2133 2.5336
2134 2.53487
2135 2.52342
2136 2.53367
2137 2.53428
2138 2.53994
2139 2.53994
2140 2.53203
2141 2.5297
2142 2.52318
2143 2.53369
2144 2.54299
2145 2.54299
2146 2.5387
2147 2.53096
2148 2.536
2149 2.53366
2150 2.53366
2151 2.52853
2152 2.53526
2153 2.53808
2154 2.53287
2155 2.53971
2156 2.53971
2157 2.53492
2158 2.80062
2159 2.79384
2160 2.7967
2161 2.811
2162 2.80924
2163 2.79287
2164 2.80343
2165 3.06626
2166 2.80383
2167 2.7973
2168 2.80062
2169 2.80009
2170 2.80997
2171 2.80588
2172 2.8027
2173 2.80485
2174 2.79566
2175 2.79566
2176 2.79844
2177 2.80388
2178 2.8013
2179 4.19775
2180 4.20216
2181 4.18714
2182 4.19657
2183 4.19797
2184 4.18867
2185 4.2026
2186 4.19791
2187 4.20637
2188 4.20578
2189 4.19825
2190 4.19367
2191 4.17991
2192 4.18994
2193 4.19254
2194 4.20744
2195 4.19291
2196 4.20836
2197 4.20226
2198 4.20998
2199 4.19887
2200 4.21714
2201 4.19306
2202 4.20089
2203 4.19461
2204 4.20281
2205 4.20268
2206 4.20108
2207 4.21074
2208 4.21025
2209 4.21936
2210 4.20599
2211 4.19312
2212 4.19329
2213 4.20194
2214 4.20869
2215 4.18608
2216 4.21385
2217 4.20251
2218 4.1951
2219 4.21159
2220 4.21621
2221 4.1807
2222 4.19437
2223 4.19159
2224 4.19307
2225 4.19045
2226 4.19173
2227 4.18083
2228 4.19222
2229 4.19592
2230 4.20913
2231 4.19832
2232 4.19833
2233 4.19949
2234 4.19483
2235 2.99225
2236 2.99308
2237 2.99901
2238 3.00188
2239 3.00313
2240 4.40672
2241 3.78626
2242 4.39553
2243 4.39069
2244 3.78697
2245 4.4134
2246 4.39456
2247 3.78704
2248 3.79689
2249 4.39816
2250 2.99637
2251 3.00019
2252 3.00124
2253 2.99808
2254 3.00353
2255 3.00185
2256 2.99868
2257 3.00026
2258 2.99933
2259 3.00216
2260 3.79545
2261 4.4052
2262 4.4052
2263 3.79028
2264 3.79639
2265 4.4033
2266 3.8057
2267 3.80035
2268 4.38976
2269 3.78016
2270 3.00225
2271 2.98709
2272 2.99696
2273 3.00169
2274 2.99061
2275 3.00079
2276 2.98801
2277 3.00698
2278 3.006
2279 2.99836
2280 3.79143
2281 4.38464
2282 4.41441
2283 3.81325
2284 3.81207
2285 4.39352
2286 3.80679
2287 3.80082
2288 4.40543
2289 3.81778
2290 2.99666
2291 2.99792
2292 2.99809
2293 3.00091
2294 2.99817
2295 2.99851
2296 3.001
2297 3.00177
2298 2.99891
2299 3.00006
2300 3.82068
2301 3.79926
2302 4.4159
2303 3.78192
2304 3.7975
2305 4.18066
2306 4.19221
2307 4.1936
2308 4.19447
2309 4.20555
2310 4.19232
2311 4.20643
2312 4.19313
2313 4.2104
2314 4.18736
2315 4.19428
2316 4.20524
2317 4.19755
2318 4.20895
2319 4.20011
2320 4.19631
2321 4.19672
2322 4.20733
2323 4.20335
2324 4.18956
2325 4.21086
2326 4.19558
2327 4.20823
2328 4.20295
2329 4.20505
2330 4.2176
2331 4.20225
2332 4.20758
2333 4.19394
2334 4.19719
2335 4.19035
2336 4.19477
2337 4.21981
2338 4.19518
2339 4.20295
2340 4.18697
2341 4.20928
2342 4.18234
2343 4.19039
2344 4.20263
2345 4.19725
2346 4.20101
2347 4.20849
2348 4.19682
2349 4.19554
2350 4.19653
2351 4.20231
2352 4.20724
2353 4.17919
2354 4.20173
2355 4.20031
2356 4.1978
2357 4.19324
2358 4.19588
2359 4.2134
2360 4.20683
2361 4.1914
2362 4.20554
2363 4.20293
2364 4.20668
2365 4.20356
2366 4.20817
2367 4.20974
2368 4.19501
2369 4.19261
2370 4.22942
2371 4.19713
2372 4.21517
2373 4.20435
2374 4.19633
2375 2.99045
2376 2.99649
2377 2.99879
2378 2.99462
2379 2.99878
2380 3.00045
2381 2.99622
2382 2.99768
2383 3.00444
2384 3.0071
2385 3.79511
2386 4.39165
2387 4.39165
2388 3.78736
2389 3.78978
2390 4.40486
2391 3.79928
2392 3.79009
2393 4.39989
2394 3.78593
2395 3.00025
2396 2.99998
2397 2.99156
2398 3.00225
2399 3.00652
2400 3.00567
2401 2.99465
2402 3.00136
2403 2.99255
2404 2.99982
2405 3.79999
2406 3.79188
2407 4.38462
2408 3.79735
2409 3.78848
2410 3.00172
2411 3.0021
2412 3.00034
2413 3.00552
2414 2.99541
2415 2.9987
2416 2.99893
2417 3.01093
2418 2.99316
2419 2.9999
2420 3.79684
2421 3.79082
2422 4.39506
2423 3.78783
2424 3.79701
2425 3.00266
2426 2.99522
2427 2.99323
2428 3.0047
2429 3.00496
2430 3.79884
2431 3.19378
2432 3.19658
2433 3.19275
2434 3.18049
2435 3.19027
2436 3.19577
2437 3.20607
2438 3.20911
2439 3.19986
2440 3.18826
2441 3.20645
2442 3.19593
2443 3.19377
2444 3.20179
2445 3.18787
2446 3.2076
2447 3.19575
2448 3.20916
2449 3.21797
2450 3.19996
2451 3.21726
2452 3.20132
2453 3.19162
2454 3.19102
2455 3.19728
2456 3.20265
2457 3.19966
2458 3.20489
2459 3.2065
2460 3.2013
2461 3.19359
2462 3.19809
2463 3.20571
2464 3.19693
2465 3.20194
2466 3.19414
2467 3.1889
2468 3.20284
2469 3.20509
2470 4.27755
2471 4.12762
2472 4.27204
2473 4.1262
2474 4.25422
2475 4.13632
2476 3.20627
2477 3.21161
2478 3.19583
2479 3.19376
2480 3.19202
2481 3.18679
2482 4.14724
2483 4.28605
2484 4.1356
2485 4.12969
2486 3.21256
2487 3.19784
2488 3.19264
2489 3.21948
2490 3.19912
2491 3.19789
2492 4.13704
2493 4.27508
2494 4.12784
2495 4.14405
2496 3.19264
2497 3.20562
2498 3.19943
2499 3.18749
2500 4.13913
2501 3.13642
2502 3.13276
2503 3.12922
2504 3.14151
2505 3.12977
2506 3.13227
2507 3.13445
2508 3.13229
2509 3.13086
2510 3.12919
2511 3.1318
2512 3.60447
2513 3.60447
2514 3.12928
2515 3.14695
2516 3.59762
2517 3.13289
2518 3.12441
2519 3.61273
2520 3.12927
2521 3.13192
2522 3.13401
2523 3.13895
2524 3.13169
2525 3.14222
2526 3.13416
2527 3.14396
2528 3.1283
2529 3.12958
2530 3.121
2531 3.13445
2532 3.14153
2533 3.60815
2534 3.13099
2535 3.12973
2536 2.60344
2537 2.59573
2538 2.59956
2539 2.5935
2540 2.5935
2541 2.60449
2542 3.00119
2543 3.26393
2544 2.97791
2545 2.99172
2546 3.52942
2547 3.53504
2548 3.60385
2549 3.53176
2550 3.80802
2551 2.59733
2552 2.59701
2553 2.60042
2554 2.60042
2555 3.01053
2556 3.52888
2557 3.19862
2558 3.2014
2559 3.20599
2560 3.18761
2561 3.20429
2562 3.19055
2563 3.19696
2564 3.21813
2565 3.19357
2566 3.2056
2567 3.19086
2568 3.19464
2569 3.19618
2570 3.19654
2571 3.20507
2572 3.20411
2573 3.19968
2574 3.19347
2575 3.18735
2576 3.20814
2577 3.19802
2578 3.19911
2579 3.19593
2580 3.21208
2581 3.19804
2582 3.20547
2583 3.19765
2584 3.19051
2585 3.20399
2586 3.2034
2587 3.1982
2588 3.20567
2589 3.18916
2590 3.19435
2591 3.20248
2592 3.21096
2593 3.19678
2594 3.20096
2595 3.18711
2596 3.2011
2597 3.18962
2598 4.13942
2599 4.26796
2600 4.12179
2601 4.14927
2602 3.19078
2603 3.18537
2604 3.19072
2605 3.20522
2606 4.12533
2607 3.2001
2608 3.19486
2609 3.20344
2610 3.20114
2611 4.11947
2612 3.20787
2613 3.12944
2614 3.13302
2615 3.14341
2616 3.13287
2617 3.13595
2618 3.13467
2619 3.1309
2620 3.13698
2621 3.13982
2622 3.1401
2623 3.12928
2624 3.13121
2625 3.59776
2626 3.13583
2627 3.14745
2628 3.1352
2629 3.13629
2630 3.12755
2631 3.14101
2632 3.1216
2633 3.13499
2634 2.60439
2635 2.59942
2636 2.60501
2637 2.60376
2638 3.00293
2639 3.53213
2640 2.59774
2641 2.73477
2642 2.72898
2643 2.7259
2644 2.73364
2645 2.74173
2646 2.72801
2647 2.73783
2648 2.73783
2649 2.72876
2650 2.73845
2651 2.73879
2652 2.73388
2653 2.7294
2654 2.73434
2655 2.73113
2656 2.73113
2657 2.7334
2658 2.73023
2659 2.73831
2660 2.72421
2661 2.72222
2662 2.73998
2663 2.73998
2664 2.7385
2665 2.7337
2666 2.72527
2667 2.73821
2668 2.72112
2669 2.72933
2670 2.73704
2671 2.73704
2672 2.73075
2673 2.72481
2674 2.7435
2675 2.73628
2676 2.72986
2677 2.72895
2678 2.72895
2679 2.73621
2680 2.73348
2681 2.72678
2682 2.72416
2683 2.73958
2684 2.73567
2685 2.7346
2686 2.7346
2687 2.73172
2688 2.7312
2689 2.73919
2690 2.7238
2691 2.72933
2692 2.72868
2693 2.73293
2694 2.73121
2695 2.73851
2696 2.73851
2697 2.7227
2698 2.73721
2699 2.73713
2700 2.7321
2701 2.73291
2702 2.72896
2703 2.72924
2704 2.72924
2705 2.73024
2706 2.73387
2707 2.73561
2708 2.7346
2709 2.73612
2710 2.73748
2711 2.73748
2712 2.72747
2713 2.73228
2714 2.73356
2715 2.73172
2716 2.73689
2717 2.72287
2718 2.73328
2719 2.73328
2720 2.72165
2721 2.72901
2722 2.73411
2723 2.73601
2724 2.73751
2725 2.72772
2726 2.72772
2727 2.7302
2728 2.73346
2729 2.72416
2730 2.73794
2731 2.73015
2732 2.7362
2733 2.73206
2734 2.73206
2735 2.72692
2736 2.7318
2737 2.73226
2738 2.73495
2739 2.72498
2740 2.73315
2741 2.73315
2742 2.73554
2743 2.72694
2744 2.72656
2745 2.72517
2746 2.73286
2747 2.73046
2748 2.73073
2749 2.73073
2750 2.73855
2751 2.73186
2752 2.73997
2753 2.72974
2754 2.72933
2755 2.73052
2756 2.73052
2757 2.73409
2758 2.73034
2759 2.7326
2760 2.7309
2761 2.7385
2762 2.73659
2763 2.7317
2764 2.73854
2765 2.73854
2766 2.73315
2767 2.79744
2768 2.80284
2769 2.79846
2770 2.80694
2771 2.79703
2772 2.79835
2773 2.80036
2774 2.80036
2775 2.80079
2776 2.79614
2777 2.79518
2778 2.79735
2779 2.80542
2780 2.79982
2781 2.80363
2782 2.79963
2783 3.06755
2784 3.06549
2785 2.53285
2786 2.80758
2787 2.80048
2788 2.79535
2789 3.0688
2790 2.53357
2791 2.53171
2792 2.79965
2793 2.80253
2794 2.80775
2795 3.07281
2796 2.52742
2797 2.53362
2798 2.79431
2799 2.80228
2800 2.7991
2801 2.53307
2802 2.79762
2803 2.79762
2804 2.8016
2805 2.79705
2806 2.8011
2807 2.80838
2808 2.8085
2809 2.7936
2810 2.8016
2811 2.80264
2812 2.80264
2813 2.79819
2814 2.79335
2815 2.7983
2816 2.798
2817 2.80204
2818 2.7916
2819 2.79892
2820 2.81376
2821 2.79882
2822 2.80195
2823 2.79525
2824 2.80531
2825 3.07019
2826 2.52242
2827 2.53469
2828 2.79303
2829 2.79389
2830 2.80588
2831 2.53372
2832 2.79544
2833 2.79544
2834 2.803
2835 2.53155
2836 2.79522
2837 2.80416
2838 2.79648
2839 2.80399
2840 2.80074
2841 2.8069
2842 2.80925
2843 2.79504
2844 2.79504
2845 2.79136
2846 2.79501
2847 2.8034
2848 2.79967
2849 2.79779
2850 2.79756
2851 2.79095
2852 2.79554
2853 2.79554
2854 2.79496
2855 2.80174
2856 2.79712
2857 2.80482
2858 2.79345
2859 2.80994
2860 3.07459
2861 2.53964
2862 2.53164
2863 2.81221
2864 2.81221
2865 2.80273
2866 2.52831
2867 2.80298
2868 2.80127
2869 2.80789
2870 2.53779
2871 2.79879
2872 2.80243
2873 2.80374
2874 2.79711
2875 2.79711
2876 2.80279
2877 2.80662
2878 2.80259
2879 2.79211
2880 2.7916
2881 2.80794
2882 2.7965
2883 2.79463
2884 2.79463
2885 2.79941
2886 2.79857
2887 2.78988
2888 2.80727
2889 2.79514
2890 2.5323
2891 2.79945
2892 2.80782
2893 3.80668
2894 3.80698
2895 3.79889
2896 3.80779
2897 3.78326
2898 3.79142
2899 3.79133
2900 3.79823
2901 3.7848
2902 3.80133
2903 3.78435
2904 3.78964
2905 3.79953
2906 3.80384
2907 3.79602
2908 3.80219
2909 3.79699
2910 3.80713
2911 3.79729
2912 3.7888
2913 3.8101
2914 3.8062
2915 3.79536
2916 3.79618
2917 3.79574
2918 3.80407
2919 3.79448
2920 3.81278
2921 3.81212
2922 3.80942
2923 3.81318
2924 3.7978
2925 3.80371
2926 3.80705
2927 3.78866
2928 3.13208
2929 3.13421
2930 3.12995
2931 3.13608
2932 4.07787
2933 3.53134
2934 4.06532
2935 3.53072
2936 4.06549
2937 3.54332
2938 3.13162
2939 3.13218
2940 3.13218
2941 3.1344
2942 3.13212
2943 3.13613
2944 3.54478
2945 4.07443
2946 3.54132
2947 3.52923
2948 3.13688
2949 3.14414
2950 3.13699
2951 3.12774
2952 3.1301
2953 3.14057
2954 3.53209
2955 4.07215
2956 3.52952
2957 3.51457
2958 3.12665
2959 3.13374
2960 3.14214
2961 3.12549
2962 3.52791
2963 3.81248
2964 3.80071
2965 3.79992
2966 3.79965
2967 3.78941
2968 3.79103
2969 3.82342
2970 3.80478
2971 3.80462
2972 3.79795
2973 3.80297
2974 3.7895
2975 3.80307
2976 3.79877
2977 3.79977
2978 3.7938
2979 3.79755
2980 3.8012
2981 3.79418
2982 3.80827
2983 3.81497
2984 3.79409
2985 3.79989
2986 3.80034
2987 3.7926
2988 3.80505
2989 3.78925
2990 3.79395
2991 3.82206
2992 3.7893
2993 3.80456
2994 3.79243
2995 3.80798
2996 3.79805
2997 3.78876
2998 3.13946
2999 3.13463
3000 3.13391
3001 3.13391
3002 3.13993
3003 3.12942
3004 3.52158
3005 4.06749
3006 3.52967
3007 3.54296
3008 3.13102
3009 3.12479
3010 3.13581
3011 3.13304
3012 3.52722
3013 3.14333
3014 3.13143
3015 3.14192
3016 3.12425
3017 3.52721
3018 3.13296
3019 3.33209
3020 3.32792
3021 3.32735
3022 3.34062
3023 3.32926
3024 3.33742
3025 3.34284
3026 3.33222
3027 3.33404
3028 3.32722
3029 3.3301
3030 3.34142
3031 3.33249
3032 3.32937
3033 3.33987
3034 3.33473
3035 3.33835
3036 3.33308
3037 3.34779
3038 3.32882
3039 2.93425
3040 2.93704
3041 2.93286
3042 3.8601
3043 3.61291
3044 3.59683
3045 2.93692
3046 2.93392
3047 2.92062
3048 3.58004
3049 2.93637
3050 2.93218
3051 2.9318
3052 3.59746
3053 2.92481
3054 3.40336
3055 3.40261
3056 3.39746
3057 3.40252
3058 3.38875
3059 3.40685
3060 3.41052
3061 3.87241
3062 3.398
3063 3.404
3064 3.39518
3065 3.40266
3066 3.39871
3067 3.40229
3068 3.38878
3069 2.79363
3070 2.79959
3071 2.79228
3072 2.93948
3073 3.40536
3074 2.80463
3075 3.33125
3076 3.32735
3077 3.34095
3078 3.32594
3079 3.31735
3080 3.33969
3081 3.3269
3082 3.33411
3083 3.33186
3084 3.33381
3085 3.33419
3086 3.33448
3087 3.33584
3088 3.32977
3089 3.33036
3090 2.92328
3091 2.93783
3092 2.93411
3093 3.6004
3094 2.94298
3095 2.94514
3096 3.39802
3097 3.39865
3098 3.40671
3099 3.40059
3100 3.40272
3101 3.40729
3102 2.79698
3103 4.21933
3104 4.19719
3105 4.19176
3106 4.20586
3107 4.19286
3108 4.19439
3109 4.1993
3110 4.18916
3111 4.18989
3112 4.20583
3113 4.1976
3114 4.18517
3115 4.20069
3116 4.21939
3117 4.20774
3118 4.21321
3119 4.19341
3120 4.20449
3121 4.18815
3122 4.2025
3123 4.18137
3124 4.20273
3125 4.18885
3126 4.199
3127 4.2018
3128 4.19907
3129 4.2069
3130 4.22212
3131 4.20843
3132 4.19144
3133 4.19473
3134 4.19605
3135 4.18706
3136 4.19752
3137 4.21004
3138 4.22002
3139 4.18978
3140 4.19121
3141 4.18898
3142 4.20002
3143 4.18128
3144 4.19912
3145 4.19458
3146 4.19809
3147 4.21084
3148 4.20331
3149 4.19949
3150 4.19133
3151 4.20129
3152 4.20309
3153 4.19767
3154 4.18955
3155 4.19899
3156 4.20468
3157 4.18961
3158 4.18578
3159 4.20375
3160 4.18968
3161 4.19881
3162 4.19579
3163 4.18281
3164 4.19034
3165 4.19518
3166 4.19646
3167 4.2051
3168 4.19515
3169 4.19287
3170 4.1936
3171 4.20327
3172 4.19304
3173 3.3318
3174 3.33997
3175 3.34754
3176 3.31884
3177 3.32712
3178 3.32871
3179 3.3287
3180 3.34091
3181 3.34217
3182 3.33047
3183 3.33736
3184 4.40353
3185 4.40353
3186 3.32959
3187 3.34747
3188 4.41275
3189 3.32704
3190 3.33978
3191 4.39443
3192 3.33307
3193 3.33464
3194 3.32577
3195 3.33489
3196 3.32383
3197 3.33446
3198 3.33584
3199 3.3225
3200 3.33599
3201 3.34192
3202 3.33825
3203 3.32304
3204 3.34137
3205 4.40115
3206 3.33867
3207 3.33207
3208 3.33475
3209 3.33878
3210 3.33559
3211 3.33708
3212 3.34439
3213 3.3344
3214 3.35218
3215 3.31589
3216 3.34141
3217 3.34003
3218 3.3345
3219 3.33703
3220 4.39119
3221 3.3337
3222 3.3337
3223 3.33504
3224 3.34345
3225 3.34539
3226 3.33767
3227 3.32923
3228 3.34292
3229 2.99581
3230 3.0012
3231 3.01063
3232 2.99127
3233 3.00394
3234 3.00116
3235 2.98356
3236 2.99385
3237 2.99948
3238 2.98465
3239 2.99938
3240 2.99794
3241 2.99756
3242 2.99127
3243 3.00631
3244 2.99054
3245 3.00039
3246 3.00084
3247 2.99644
3248 3.00111
3249 4.74864
3250 4.73679
3251 4.72377
3252 4.87084
3253 2.9988
3254 3.00658
3255 4.74082
3256 4.73966
3257 4.7178
3258 2.99331
3259 4.74191
3260 4.74243
3261 4.72225
3262 3.00804
3263 4.75324
3264 3.00143
3265 3.00014
3266 3.00185
3267 3.00768
3268 2.99037
3269 2.99822
3270 2.99833
3271 2.99889
3272 2.9979
3273 2.98963
3274 2.99725
3275 3.00185
3276 3.00185
3277 3.00869
3278 2.9899
3279 4.72224
3280 4.75888
3281 4.73901
3282 2.9962
3283 4.71885
3284 4.73483
3285 2.39829
3286 2.40177
3287 2.40653
3288 2.40273
3289 2.40273
3290 2.40424
3291 2.40164
3292 2.40089
3293 2.39555
3294 2.39555
3295 2.93071
3296 2.93683
3297 3.20555
3298 2.93633
3299 2.93432
3300 3.19728
3301 3.20454
3302 3.18946
3303 2.99474
3304 3.20288
3305 3.58838
3306 2.39897
3307 2.39946
3308 2.39946
3309 2.39567
3310 2.40065
3311 2.93967
3312 3.20146
3313 4.20867
3314 4.18649
3315 4.21029
3316 4.19645
3317 4.1879
3318 4.21188
3319 4.21243
3320 4.19331
3321 4.22013
3322 4.20176
3323 4.1833
3324 4.19686
3325 4.21431
3326 4.20626
3327 4.19912
3328 4.19598
3329 4.20221
3330 4.1996
3331 4.18249
3332 4.19604
3333 4.20643
3334 4.20339
3335 4.204
3336 4.19831
3337 4.20361
3338 4.19605
3339 4.2084
3340 4.18241
3341 4.18714
3342 4.21311
3343 4.19082
3344 4.1957
3345 4.20935
3346 4.19777
3347 4.20334
3348 2.99956
3349 2.99836
3350 2.99553
3351 3.00552
3352 3.01106
3353 3.00397
3354 4.73711
3355 4.87339
3356 4.74689
3357 4.71459
3358 3.00321
3359 3.00321
3360 3.00428
3361 2.99784
3362 4.72568
3363 3.00177
3364 3.00092
3365 3.00092
3366 3.00013
3367 4.73319
3368 3.00164
3369 5.38834
3370 5.4173
3371 5.40051
3372 5.39966
3373 5.4005
3374 5.39626
3375 5.39588
3376 5.38313
3377 5.40126
3378 5.4054
3379 3.40743
3380 3.40855
3381 6.20829
3382 3.39369
3383 3.39282
3384 5.37764
3385 5.38382
3386 5.40301
3387 5.3947
3388 5.40951
3389 3.39265
3390 3.13179
3391 3.12795
3392 3.14148
3393 3.1423
3394 4.72732
3395 3.40153
3396 3.13454
3397 2.59997
3398 2.60451
3399 2.59988
3400 2.60967
3401 2.60967
3402 2.5991
3403 2.59898
3404 2.59584
3405 2.59773
3406 2.59773
3407 2.59976
3408 2.59406
3409 2.60421
3410 2.59873
3411 2.58972
3412 4.12292
3413 4.126
3414 4.13144
3415 3.18975
3416 4.14786
3417 4.1335
3418 3.00708
3419 2.99862
3420 3.00427
3421 2.99676
3422 3.11931
3423 2.99334
3424 3.34054
3425 3.32563
3426 3.33314
3427 3.3432
3428 3.3402
3429 3.32137
3430 2.79541
3431 4.13895
3432 2.99863
3433 3.79425
3434 3.79899
3435 3.77937
3436 3.80344
3437 3.8024
3438 3.79535
3439 3.80157
3440 3.78554
3441 3.80769
3442 3.79345
3443 3.80583
3444 3.80839
3445 3.79816
3446 3.79791
3447 3.79678
3448 3.79698
3449 3.79602
3450 3.81256
3451 3.78876
3452 3.80083
3453 3.79279
3454 3.80402
3455 3.80858
3456 3.8179
3457 3.78901
3458 3.78761
3459 3.80031
3460 3.7906
3461 3.80737
3462 3.80234
3463 3.79821
3464 3.80542
3465 3.78768
3466 3.79731
3467 3.80214
3468 3.80557
3469 3.79963
3470 3.8092
3471 3.80826
3472 3.79065
3473 3.79447
3474 3.79965
3475 3.79941
3476 3.80974
3477 3.81368
3478 3.81241
3479 3.79833
3480 3.80112
3481 3.79545
3482 3.79679
3483 3.79982
3484 3.79707
3485 3.80286
3486 3.80005
3487 3.81336
3488 3.79285
3489 3.79968
3490 3.79514
3491 3.80216
3492 3.79048
3493 3.81066
3494 3.80729
3495 3.78577
3496 3.78704
3497 3.80577
3498 3.80082
3499 3.78893
3500 3.79951
3501 3.77877
3502 3.80231
3503 3.80523
3504 3.80111
3505 3.79919
3506 3.80187
3507 3.79299
3508 3.809
3509 3.81565
3510 3.79597
3511 3.79484
3512 3.809
3513 3.79501
3514 3.80334
3515 3.80013
3516 3.80699
3517 3.79275
3518 3.80725
3519 3.81111
3520 3.79171
3521 3.80438
3522 3.80623
3523 3.79209
3524 3.79679
3525 3.79979
3526 3.80163
3527 3.79996
3528 3.80278
3529 3.80785
3530 3.79003
3531 3.7871
3532 3.80949
3533 3.81011
3534 3.803
3535 3.78461
3536 3.81141
3537 3.78771
3538 3.80643
3539 3.80392
3540 3.80321
3541 3.8088
3542 3.80231
3543 3.79951
3544 3.79512
3545 3.80589
3546 3.80159
3547 3.79698
3548 3.79146
3549 3.80605
3550 3.79429
3551 3.81032
3552 3.78936
3553 3.79187
3554 3.79823
3555 3.79958
3556 3.80259
3557 3.81327
3558 3.78467
3559 3.80383
3560 3.79973
3561 3.79846
3562 3.80189
3563 3.79624
3564 3.79597
3565 3.79054
3566 3.79478
3567 3.80099
3568 3.80692
3569 3.78825
3570 3.80832
3571 3.79144
3572 3.78668
3573 3.79093
3574 3.80067
3575 3.79516
3576 3.80738
3577 3.79579
3578 3.80463
3579 3.80448
3580 3.81436
3581 3.79998
3582 3.80046
3583 3.79367
3584 3.81696
3585 3.82121
3586 3.80344
3587 3.79734
3588 3.80863
3589 3.79094
3590 3.80037
3591 3.7831
3592 3.79775
3593 3.80901
3594 3.79162
3595 3.80201
3596 3.80699
3597 3.80268
3598 3.80472
3599 3.80153
3600 3.80095
3601 3.79703
3602 3.80571
3603 3.784
3604 3.80168
3605 3.77561
3606 3.81724
3607 3.79725
3608 3.8005
3609 3.79382
3610 3.79249
3611 3.8105
3612 3.79098
3613 3.7885
3614 3.80569
3615 3.79988
3616 3.80227
3617 3.81065
3618 3.79597
3619 3.79455
3620 3.80988
3621 3.80661
3622 3.79592
3623 3.80928
3624 3.79559
3625 3.79357
3626 3.79905
3627 3.79228
3628 3.79528
3629 3.78852
3630 3.81068
3631 3.79709
3632 3.80026
3633 3.79091
3634 3.80163
3635 3.79708
3636 3.78341
3637 3.79861
3638 3.78888
3639 3.795
3640 3.80714
3641 3.80216
3642 3.80597
3643 3.00606
3644 2.99259
3645 2.99685
3646 2.99685
3647 2.99103
3648 3.0017
3649 2.99447
3650 2.9895
3651 3.00663
3652 3.00242
3653 3.0019
3654 2.99952
3655 3.00259
3656 3.00711
3657 3.00075
3658 3.00561
3659 3.00561
3660 2.99874
3661 2.99758
3662 3.00395
3663 3.00144
3664 4.14006
3665 4.41763
3666 4.39895
3667 2.79675
3668 4.3972
3669 4.1312
3670 4.1308
3671 4.10795
3672 4.14802
3673 4.40565
3674 2.80817
3675 4.39757
3676 2.79821
3677 4.40693
3678 2.79935
3679 4.12292
3680 4.13511
3681 4.14475
3682 4.14138
3683 4.40533
3684 2.80289
3685 4.40892
3686 2.79735
3687 4.39703
3688 2.80135
3689 4.14551
3690 4.14184
3691 4.13237
3692 4.12223
3693 4.1274
3694 4.12061
3695 2.80353
3696 4.40929
3697 2.80108
3698 2.80062
3699 2.99744
3700 3.00758
3701 3.0036
3702 2.99218
3703 2.99526
3704 2.99526
3705 3.00471
3706 3.00783
3707 2.98918
3708 3.00015
3709 3.00116
3710 2.99124
3711 2.98634
3712 3.0019
3713 2.996
3714 2.99369
3715 3.01118
3716 2.99868
3717 3.00058
3718 3.00058
3719 3.00165
3720 3.00213
3721 2.99379
3722 2.99121
3723 2.996
3724 2.99945
3725 2.99534
3726 2.99926
3727 3.00356
3728 2.995
3729 2.98746
3730 2.99678
3731 2.99678
3732 2.9916
3733 3.00714
3734 4.13326
3735 4.11306
3736 4.12544
3737 4.14665
3738 4.40599
3739 2.79628
3740 4.3963
3741 2.7975
3742 4.40635
3743 2.80489
3744 4.1387
3745 4.12621
3746 4.13734
3747 4.14224
3748 4.14628
3749 4.14376
3750 2.79657
3751 4.41332
3752 2.80588
3753 2.80048
3754 4.12963
3755 4.12741
3756 4.13378
3757 4.14182
3758 4.14724
3759 4.13331
3760 2.80314
3761 4.38939
3762 2.79863
3763 2.79873
3764 4.13076
3765 4.13274
3766 4.14608
3767 4.14222
3768 2.80362
3769 3.00696
3770 3.00161
3771 3.01045
3772 2.99759
3773 2.99852
3774 2.99725
3775 2.99094
3776 3.00279
3777 2.99437
3778 2.99862
3779 3.00137
3780 2.99644
3781 3.00059
3782 2.99913
3783 2.99913
3784 3.00553
3785 2.99487
3786 3.00307
3787 2.99755
3788 3.00478
3789 3.00998
3790 3.01028
3791 2.99479
3792 2.99675
3793 3.00039
3794 2.99193
3795 2.99193
3796 3.00141
3797 2.99843
3798 3.00194
3799 3.00391
3800 2.9901
3801 3.00243
3802 2.99572
3803 3.01269
3804 4.12474
3805 4.12291
3806 4.12825
3807 4.14175
3808 4.39014
3809 2.80071
3810 4.4048
3811 2.80762
3812 4.39667
3813 2.79719
3814 4.14402
3815 4.11498
3816 4.12155
3817 4.10579
3818 4.12742
3819 4.12402
3820 2.79631
3821 4.39477
3822 2.80837
3823 2.79718
3824 4.13205
3825 4.13805
3826 4.11315
3827 4.13653
3828 4.14629
3829 4.13908
3830 2.81188
3831 4.40064
3832 2.80124
3833 2.80011
3834 4.12274
3835 4.14382
3836 4.13335
3837 4.12853
3838 2.80449
3839 3.00094
3840 3.00611
3841 2.99128
3842 2.99542
3843 2.99902
3844 3.00962
3845 3.00075
3846 2.99843
3847 2.99843
3848 2.99641
3849 3.00103
3850 3.00421
3851 3.00969
3852 2.9989
3853 3.00128
3854 3.00617
3855 3.00966
3856 2.99326
3857 2.99628
3858 2.99067
3859 3.00064
3860 3.00064
3861 2.99659
3862 3.0022
3863 3.0099
3864 3.0066
3865 3.00164
3866 2.99826
3867 2.997
3868 3.00009
3869 3.00327
3870 2.99925
3871 2.99974
3872 2.99974
3873 3.00154
3874 4.11072
3875 4.14671
3876 4.13781
3877 4.13579
3878 4.13965
3879 4.12824
3880 2.79975
3881 4.38486
3882 2.80224
3883 2.80395
3884 4.14471
3885 4.13203
3886 4.13937
3887 4.12298
3888 2.78637
3889 4.13059
3890 4.11704
3891 4.12746
3892 4.12225
3893 2.80879
3894 4.12155
3895 3.53362
3896 3.53904
3897 3.53301
3898 3.54774
3899 3.52848
3900 3.54673
3901 3.53255
3902 3.52371
3903 3.52727
3904 3.53084
3905 3.52554
3906 3.53544
3907 3.53727
3908 3.53433
3909 3.52742
3910 3.53784
3911 3.53184
3912 3.52983
3913 3.53674
3914 3.53966
3915 3.5381
3916 3.54383
3917 3.53951
3918 3.51929
3919 3.54909
3920 3.53948
3921 3.54048
3922 3.52301
3923 3.52909
3924 3.54255
3925 3.5288
3926 3.53214
3927 3.5322
3928 3.5322
3929 3.53549
3930 3.52987
3931 3.53569
3932 3.51958
3933 3.53077
3934 3.52689
3935 3.52826
3936 3.52895
3937 3.53877
3938 3.5257
3939 3.55747
3940 3.53264
3941 3.52613
3942 3.52458
3943 3.52983
3944 3.52496
3945 3.5319
3946 3.54173
3947 3.53199
3948 3.54279
3949 3.53177
3950 3.52821
3951 3.14246
3952 3.13427
3953 3.12924
3954 3.13547
3955 3.13362
3956 4.06983
3957 3.79671
3958 4.0479
3959 4.06005
3960 3.8067
3961 4.06965
3962 4.06368
3963 3.80649
3964 3.79813
3965 4.07138
3966 3.13655
3967 3.1418
3968 3.13648
3969 3.13147
3970 3.13207
3971 3.13337
3972 3.13016
3973 3.13077
3974 3.13036
3975 3.13606
3976 3.79791
3977 4.0827
3978 4.08119
3979 3.79953
3980 3.80518
3981 4.09018
3982 3.80294
3983 3.79809
3984 4.05913
3985 3.81001
3986 3.13337
3987 3.13094
3988 3.12976
3989 3.13577
3990 3.13095
3991 3.12749
3992 3.14141
3993 3.13557
3994 3.13378
3995 3.13698
3996 3.79281
3997 4.06858
3998 4.06367
3999 3.80337
4000 3.79638
4001 4.05773
4002 3.79451
4003 3.79014
4004 4.0641
4005 3.80531
4006 3.13045
4007 3.12753
4008 3.14045
4009 3.12588
4010 3.13513
4011 3.13535
4012 3.12179
4013 3.14003
4014 3.12542
4015 3.1265
4016 3.77555
4017 3.79427
4018 4.06117
4019 3.80473
4020 3.7988
4021 3.5378
4022 3.53383
4023 3.53092
4024 3.53312
4025 3.54464
4026 3.51988
4027 3.53104
4028 3.53167
4029 3.52353
4030 3.52586
4031 3.52784
4032 3.52391
4033 3.52312
4034 3.52138
4035 3.5162
4036 3.5396
4037 3.54041
4038 3.53471
4039 3.54057
4040 3.5365
4041 3.53686
4042 3.53275
4043 3.52826
4044 3.53779
4045 3.53277
4046 3.53142
4047 3.53391
4048 3.53867
4049 3.53788
4050 3.52654
4051 3.54427
4052 3.52624
4053 3.53036
4054 3.51737
4055 3.53208
4056 3.5351
4057 3.53433
4058 3.52569
4059 3.54013
4060 3.5217
4061 3.5242
4062 3.53645
4063 3.53457
4064 3.52377
4065 3.54538
4066 3.52862
4067 3.5246
4068 3.53214
4069 3.53204
4070 3.53876
4071 3.52974
4072 3.52653
4073 3.53583
4074 3.53286
4075 3.52269
4076 3.53511
4077 3.54498
4078 3.53319
4079 3.53575
4080 3.53675
4081 3.52746
4082 3.53612
4083 3.53695
4084 3.54093
4085 3.54074
4086 3.53576
4087 3.52299
4088 3.54482
4089 3.53492
4090 3.52688
4091 3.13512
4092 3.14201
4093 3.14007
4094 3.13781
4095 3.15289
4096 3.13999
4097 3.14038
4098 3.13085
4099 3.13576
4100 3.12812
4101 3.79338
4102 4.0649
4103 4.06885
4104 3.79878
4105 3.80773
4106 4.06594
4107 3.80248
4108 3.80024
4109 4.06688
4110 3.80443
4111 3.12598
4112 3.13282
4113 3.13345
4114 3.13446
4115 3.13907
4116 3.13747
4117 3.1376
4118 3.13877
4119 3.13748
4120 3.12475
4121 3.79956
4122 3.80393
4123 4.06216
4124 3.80451
4125 3.81128
4126 3.12997
4127 3.13213
4128 3.13402
4129 3.1264
4130 3.14179
4131 3.13746
4132 3.13906
4133 3.13626
4134 3.13055
4135 3.13389
4136 3.79281
4137 3.79959
4138 4.05715
4139 3.79375
4140 3.79973
4141 3.12969
4142 3.11891
4143 3.13382
4144 3.14302
4145 3.12858
4146 3.78783
4147 2.60471
4148 2.59199
4149 2.59199
4150 2.60095
4151 2.59706
4152 2.60699
4153 2.59762
4154 2.59819
4155 2.59995
4156 2.6022
4157 2.5966
4158 2.5952
4159 2.60218
4160 2.60218
4161 2.59402
4162 2.59891
4163 2.60056
4164 2.59874
4165 2.59958
4166 2.60071
4167 2.59969
4168 2.5995
4169 2.5995
4170 2.60292
4171 2.59257
4172 2.59696
4173 2.601
4174 2.59548
4175 2.60846
4176 2.60846
4177 2.59203
4178 2.59827
4179 2.58842
4180 2.60626
4181 2.59834
4182 3.19795
4183 3.19827
4184 3.19514
4185 3.2034
4186 3.59836
4187 2.79788
4188 3.59812
4189 2.79139
4190 3.60034
4191 2.79999
4192 3.1979
4193 3.18891
4194 3.20124
4195 3.18551
4196 3.20827
4197 3.19856
4198 2.80137
4199 3.60832
4200 2.80818
4201 2.7973
4202 3.19274
4203 3.19512
4204 3.19814
4205 3.2018
4206 3.20307
4207 3.19832
4208 2.80433
4209 3.59636
4210 2.8016
4211 2.80123
4212 3.19719
4213 3.18646
4214 3.20893
4215 3.19388
4216 2.80406
4217 3.13138
4218 3.12081
4219 3.12708
4220 3.12978
4221 3.1466
4222 3.13351
4223 3.13841
4224 3.13712
4225 3.12592
4226 3.14116
4227 2.9915
4228 3.25996
4229 3.26616
4230 3.00205
4231 2.99933
4232 3.26851
4233 2.99948
4234 3.00554
4235 3.27838
4236 2.99835
4237 3.13912
4238 3.13804
4239 3.13101
4240 3.13002
4241 3.13155
4242 3.12481
4243 3.12389
4244 3.12104
4245 3.12885
4246 3.13042
4247 3.00557
4248 3.00765
4249 3.27235
4250 2.99972
4251 2.99985
4252 3.19312
4253 3.21209
4254 3.1877
4255 3.20079
4256 3.19217
4257 3.1983
4258 2.52659
4259 3.60983
4260 2.53088
4261 2.53787
4262 4.20981
4263 4.19865
4264 4.27913
4265 4.19797
4266 2.79681
4267 3.20699
4268 3.19539
4269 3.19855
4270 3.18605
4271 2.52988
4272 4.21175
4273 2.59394
4274 2.59406
4275 2.59767
4276 2.5993
4277 2.59719
4278 2.59719
4279 2.61111
4280 2.58998
4281 2.5993
4282 2.59885
4283 2.59772
4284 2.59761
4285 2.59761
4286 2.59002
4287 2.59369
4288 2.60095
4289 2.60706
4290 2.59765
4291 2.60175
4292 2.60175
4293 2.59722
4294 2.59791
4295 2.60195
4296 2.60145
4297 2.60266
4298 2.60138
4299 2.61268
4300 2.59743
4301 2.59977
4302 2.59977
4303 2.59711
4304 2.59816
4305 2.60055
4306 2.60212
4307 2.59673
4308 3.20427
4309 3.19916
4310 3.19998
4311 3.20889
4312 3.18383
4313 3.20007
4314 2.81107
4315 3.60033
4316 2.79895
4317 2.79857
4318 3.21224
4319 3.2041
4320 3.19383
4321 3.1985
4322 2.80574
4323 3.20336
4324 3.20454
4325 3.18708
4326 3.18483
4327 2.80219
4328 3.18652
4329 3.12638
4330 3.12487
4331 3.13285
4332 3.12955
4333 3.13161
4334 3.13724
4335 3.14239
4336 3.14136
4337 3.12919
4338 3.14112
4339 3.00794
4340 3.00065
4341 3.25704
4342 2.99274
4343 2.99653
4344 3.12769
4345 3.14707
4346 3.13362
4347 3.1398
4348 3.1375
4349 2.99779
4350 3.1995
4351 3.20539
4352 3.19901
4353 3.20105
4354 2.53354
4355 4.21271
4356 3.18829
4357 2.72773
4358 2.7302
4359 2.73206
4360 2.7291
4361 2.7348
4362 2.7385
4363 2.72223
4364 2.72223
4365 2.73463
4366 2.73082
4367 2.74213
4368 2.73739
4369 2.7357
4370 2.72363
4371 2.73412
4372 2.73412
4373 2.73137
4374 2.73174
4375 2.73354
4376 2.7322
4377 2.73409
4378 2.72797
4379 2.73838
4380 2.73787
4381 2.73729
4382 2.73222
4383 2.72591
4384 2.7394
4385 2.72982
4386 2.73237
4387 2.74104
4388 2.74059
4389 2.72888
4390 2.74488
4391 2.73677
4392 2.73389
4393 2.73092
4394 2.73486
4395 2.72916
4396 2.73329
4397 2.72833
4398 2.73743
4399 2.72969
4400 2.73116
4401 2.72664
4402 2.72945
4403 2.72742
4404 2.72742
4405 2.73461
4406 2.73175
4407 2.73609
4408 2.72747
4409 2.7305
4410 2.72857
4411 2.73721
4412 2.73911
4413 2.73911
4414 2.73351
4415 2.72879
4416 2.72738
4417 2.73391
4418 2.72589
4419 2.73476
4420 2.73621
4421 2.72114
4422 2.72814
4423 2.72814
4424 2.73516
4425 2.7358
4426 2.73312
4427 2.7329
4428 2.72759
4429 2.73128
4430 2.73672
4431 2.72918
4432 2.73435
4433 2.73435
4434 2.73501
4435 2.73332
4436 2.73362
4437 2.73397
4438 2.73671
4439 2.73629
4440 2.73273
4441 2.72862
4442 2.72862
4443 2.73724
4444 2.73162
4445 2.73292
4446 2.73228
4447 2.73657
4448 2.72667
4449 2.72659
4450 2.72949
4451 2.73036
4452 2.73397
4453 2.72832
4454 2.73513
4455 2.73201
4456 2.73201
4457 2.72771
4458 2.73621
4459 2.73061
4460 2.73914
4461 2.73192
4462 2.73893
4463 2.73218
4464 2.73523
4465 2.72869
4466 2.72869
4467 2.7305
4468 2.73595
4469 2.73271
4470 2.73564
4471 2.73311
4472 2.73666
4473 2.7339
4474 2.72846
4475 2.73849
4476 2.73849
4477 2.73011
4478 2.73008
4479 2.73368
4480 2.73024
4481 2.73586
4482 2.72991
4483 3.80882
4484 3.80194
4485 3.78193
4486 3.80475
4487 3.79522
4488 3.79831
4489 3.78431
4490 3.8079
4491 3.78149
4492 3.79955
4493 3.79373
4494 3.80138
4495 3.79159
4496 3.7974
4497 3.78813
4498 3.13014
4499 4.0778
4500 4.08534
4501 3.5419
4502 3.13155
4503 3.12966
4504 3.12369
4505 4.06695
4506 3.51713
4507 3.52378
4508 3.13468
4509 3.12833
4510 3.13038
4511 4.06088
4512 3.53717
4513 3.53062
4514 3.13735
4515 3.12735
4516 3.13776
4517 3.5322
4518 3.79148
4519 3.79904
4520 3.79579
4521 3.80261
4522 3.81269
4523 3.81049
4524 3.80433
4525 3.79838
4526 3.79331
4527 3.80835
4528 3.79088
4529 3.78661
4530 3.79394
4531 3.79365
4532 3.81291
4533 3.79748
4534 3.81058
4535 3.79766
4536 3.79977
4537 3.79885
4538 3.1396
4539 3.1352
4540 3.12434
4541 4.0555
4542 3.53215
4543 3.5346
4544 3.13458
4545 3.12509
4546 3.13925
4547 3.53811
4548 3.13616
4549 3.12396
4550 3.13828
4551 3.52919
4552 3.12915
4553 3.80011
4554 3.80022
4555 3.80061
4556 3.79684
4557 3.80268
4558 3.79581
4559 3.79893
4560 3.80219
4561 3.80157
4562 3.81276
4563 3.80368
4564 3.80171
4565 3.79429
4566 3.80479
4567 3.79193
4568 3.80547
4569 3.7961
4570 3.79015
4571 3.79379
4572 3.80143
4573 3.13005
4574 3.1318
4575 3.13386
4576 4.0573
4577 3.53274
4578 3.54298
4579 3.13643
4580 3.12618
4581 3.14518
4582 3.53136
4583 3.13675
4584 3.13687
4585 3.12615
4586 3.52877
4587 3.13914
4588 3.7979
4589 3.80386
4590 3.80408
4591 3.78585
4592 3.80767
4593 3.80274
4594 3.79186
4595 3.79536
4596 3.78934
4597 3.80319
4598 3.8104
4599 3.80467
4600 3.8005
4601 3.8237
4602 3.79743
4603 3.12954
4604 3.13235
4605 3.14743
4606 3.52252
4607 3.12926
4608 3.13343
4609 4.1893
4610 4.2123
4611 4.18709
4612 4.19813
4613 4.19225
4614 4.22231
4615 4.20652
4616 4.20215
4617 4.22013
4618 4.19601
4619 4.20727
4620 4.19212
4621 4.20304
4622 4.19534
4623 4.2063
4624 4.18823
4625 4.21282
4626 4.19573
4627 4.19452
4628 4.20541
4629 4.19508
4630 4.21408
4631 4.20365
4632 4.1884
4633 4.20144
4634 4.18556
4635 4.19839
4636 4.21036
4637 4.21377
4638 4.21117
4639 4.20987
4640 4.19184
4641 4.19914
4642 4.19181
4643 4.19832
4644 3.33291
4645 3.32325
4646 3.33048
4647 3.32986
4648 4.40632
4649 3.33594
4650 4.38883
4651 3.3325
4652 4.39496
4653 3.32704
4654 3.32865
4655 3.33963
4656 3.32874
4657 3.32405
4658 3.32661
4659 3.34188
4660 3.32764
4661 4.38893
4662 3.34282
4663 3.3233
4664 3.34414
4665 3.31977
4666 3.32605
4667 3.33093
4668 3.32835
4669 3.33939
4670 3.33754
4671 4.39638
4672 3.34214
4673 3.34396
4674 3.33682
4675 3.32265
4676 3.32772
4677 3.33923
4678 3.33484
4679 4.19398
4680 4.20965
4681 4.19928
4682 4.19734
4683 4.20788
4684 4.19732
4685 4.20059
4686 4.21525
4687 4.20664
4688 4.21321
4689 4.19982
4690 4.19223
4691 4.19183
4692 4.21477
4693 4.19082
4694 4.2054
4695 4.19235
4696 4.21668
4697 4.21586
4698 4.21103
4699 4.20545
4700 4.21068
4701 4.20935
4702 4.19845
4703 4.19469
4704 4.19448
4705 4.19801
4706 4.1952
4707 4.20024
4708 4.18913
4709 4.21068
4710 4.21049
4711 4.20338
4712 4.21063
4713 4.19446
4714 3.32208
4715 3.32503
4716 3.33625
4717 3.336
4718 3.32974
4719 3.33304
4720 3.33835
4721 4.39908
4722 3.3359
4723 3.33489
4724 3.33936
4725 3.3315
4726 3.33351
4727 3.33575
4728 3.32072
4729 3.33068
4730 3.33369
4731 3.32589
4732 3.34205
4733 3.34243
4734 3.33376
4735 4.20266
4736 4.21117
4737 4.18501
4738 4.19818
4739 4.19235
4740 4.20865
4741 4.20059
4742 4.19959
4743 4.2147
4744 4.18863
4745 4.19894
4746 4.20164
4747 4.20494
4748 4.20275
4749 4.20398
4750 4.19386
4751 4.20164
4752 4.19308
4753 4.20388
4754 4.20168
4755 2.99231
4756 3.00293
4757 2.99933
4758 4.86689
4759 4.73587
4760 4.7443
4761 3.0021
4762 3.00203
4763 2.99529
4764 4.73566
4765 2.99406
4766 2.9996
4767 2.99175
4768 4.73681
4769 2.99295
4770 5.40378
4771 5.40221
4772 5.39238
4773 5.40399
4774 5.3843
4775 5.40627
4776 3.40674
4777 6.19217
4778 3.3953
4779 3.40508
4780 5.40809
4781 5.38953
4782 5.40545
4783 5.39743
4784 3.40116
4785 3.13067
4786 3.13269
4787 3.13455
4788 4.74075
4789 3.40435
4790 3.13723
4791 4.19479
4792 4.19749
4793 4.20453
4794 4.19712
4795 4.20707
4796 4.20883
4797 4.19716
4798 4.20053
4799 4.20058
4800 4.2141
4801 4.19496
4802 4.21877
4803 4.21964
4804 4.20344
4805 4.18259
4806 3.00671
4807 2.99564
4808 3.0033
4809 4.71374
4810 2.99958
4811 2.9931
4812 5.41191
4813 5.3936
4814 5.39403
4815 5.4254
4816 3.39524
4817 5.39136
4818 3.14049
4819 2.79149
4820 2.80355
4821 2.79966
4822 2.80303
4823 2.8048
4824 2.79641
4825 2.80771
4826 2.80771
4827 2.79808
4828 2.79546
4829 2.79942
4830 2.80109
4831 2.78901
4832 2.8038
4833 2.80398
4834 2.79944
4835 2.80444
4836 2.80259
4837 2.80259
4838 2.80331
4839 2.79959
4840 2.80887
4841 2.80595
4842 2.79862
4843 2.79521
4844 2.80019
4845 2.79996
4846 2.80933
4847 2.80933
4848 2.79743
4849 2.79869
4850 2.79864
4851 2.79288
4852 2.80392
4853 2.80121
4854 2.80742
4855 2.81332
4856 2.81332
4857 2.80421
4858 2.80027
4859 2.80539
4860 2.79154
4861 2.79895
4862 2.79827
4863 2.79996
4864 2.79626
4865 2.79941
4866 2.79941
4867 2.80768
4868 2.80379
4869 2.801
4870 2.79347
4871 2.79754
4872 2.80012
4873 2.80436
4874 2.79876
4875 2.79106
4876 2.79106
4877 2.7981
4878 2.80788
4879 2.79871
4880 2.79643
4881 2.80121
4882 2.80285
4883 2.80403
4884 2.79645
4885 2.79645
4886 2.79982
4887 2.79946
4888 2.81166
4889 2.80763
4890 2.80242
4891 2.79554
4892 2.79689
4893 2.79999
4894 2.79844
4895 2.7954
4896 2.80462
4897 2.80692
4898 2.79866
4899 2.53132
4900 3.06674
4901 3.06586
4902 2.53297
4903 2.52828
4904 3.06338
4905 2.54227
4906 2.53255
4907 3.06449
4908 2.5327
4909 2.79658
4910 2.80911
4911 2.7968
4912 2.80052
4913 2.79877
4914 2.80476
4915 2.80756
4916 2.79724
4917 2.80827
4918 2.79967
4919 2.53121
4920 2.53102
4921 3.06487
4922 2.53159
4923 2.52962
4924 2.79984
4925 2.81048
4926 2.80493
4927 2.79953
4928 2.80232
4929 2.80606
4930 2.79688
4931 2.80673
4932 2.80392
4933 2.80454
4934 2.53991
4935 2.53357
4936 3.06261
4937 2.53203
4938 2.53203
4939 2.80012
4940 2.79243
4941 2.79508
4942 2.80309
4943 2.80647
4944 2.53435
4945 3.34635
4946 3.33834
4947 3.32949
4948 3.33087
4949 3.34327
4950 3.32608
4951 3.33648
4952 3.32688
4953 3.32688
4954 3.32825
4955 3.34149
4956 3.33145
4957 3.33628
4958 3.33058
4959 3.31465
4960 3.34207
4961 3.32771
4962 3.33424
4963 3.32957
4964 3.33051
4965 3.39197
4966 3.40711
4967 3.40324
4968 3.85923
4969 3.40055
4970 3.39255
4971 3.38903
4972 3.41073
4973 3.40305
4974 3.40092
4975 3.40175
4976 3.41346
4977 3.40339
4978 3.38905
4979 3.40754
4980 3.34752
4981 3.32559
4982 3.32559
4983 3.33248
4984 3.32678
4985 3.33178
4986 3.3328
4987 3.32738
4988 3.33725
4989 3.34218
4990 3.32155
4991 3.34339
4992 3.33901
4993 3.34277
4994 3.32055
4995 3.41325
4996 3.39502
4997 3.40135
4998 3.39973
4999 3.38873
5000 3.39935
5001 2.93754
5002 2.93639
5003 2.93787
5004 2.93563
5005 2.92065
5006 2.9223
5007 2.93356
5008 2.92516
5009 2.93635
5010 2.93382
5011 3.59383
5012 3.61557
5013 3.87185
5014 3.59435
5015 3.603
5016 2.79797
5017 2.80461
5018 2.79583
5019 3.40111
5020 2.81007
5021 2.92831
5022 2.9368
5023 2.9299
5024 2.93663
5025 2.93594
5026 2.93807
5027 3.60269
5028 2.8057
5029 2.99472
5030 3.00258
5031 3.0174
5032 3.01728
5033 2.99677
5034 3.00028
5035 3.00631
5036 2.99491
5037 2.99683
5038 2.99962
5039 2.99962
5040 2.99901
5041 3.00671
5042 2.99149
5043 2.99439
5044 3.00527
5045 2.9912
5046 2.99434
5047 2.99283
5048 2.99762
5049 2.98905
5050 3.01422
5051 3.00316
5052 3.00051
5053 2.99719
5054 3.0005
5055 3.00842
5056 3.00081
5057 3.00358
5058 3.00508
5059 3.00072
5060 3.00353
5061 2.99869
5062 2.99373
5063 2.99996
5064 2.40022
5065 2.40483
5066 2.39805
5067 2.40547
5068 2.39799
5069 2.39815
5070 2.93609
5071 3.209
5072 2.93938
5073 2.94082
5074 2.40287
5075 2.40072
5076 2.40072
5077 2.3979
5078 2.93829
5079 2.40523
5080 2.40176
5081 2.39953
5082 2.39953
5083 2.93862
5084 2.41296
5085 4.72879
5086 4.72549
5087 4.71129
5088 4.74606
5089 4.74492
5090 4.7429
5091 4.73691
5092 4.71921
5093 4.73126
5094 4.72528
5095 3.00254
5096 2.99269
5097 4.8768
5098 2.99173
5099 2.99934
5100 4.7187
5101 4.72239
5102 4.71799
5103 4.74358
5104 4.72474
5105 3.00889
5106 3.20534
5107 3.19591
5108 3.20365
5109 3.19575
5110 3.59024
5111 2.99525
5112 3.20409
5113 2.59676
5114 2.60273
5115 2.60273
5116 2.59977
5117 2.59584
5118 2.60025
5119 2.6049
5120 2.6049
5121 2.60837
5122 2.59866
5123 2.59793
5124 2.59536
5125 2.5959
5126 2.5959
5127 2.59646
5128 3.00034
5129 3.00069
5130 2.99692
5131 3.12225
5132 2.99168
5133 3.00789
5134 3.32905
5135 3.34297
5136 3.33969
5137 3.33914
5138 2.80134
5139 3.33846
5140 2.98982
5141 4.13862
5142 4.12644
5143 4.12779
5144 4.13712
5145 4.13711
5146 3.20003
5147 3.33524
5148 4.13038
5149 2.73861
5150 2.73903
5151 2.73082
5152 2.73275
5153 2.73275
5154 2.73854
5155 2.73085
5156 2.72437
5157 2.7285
5158 2.73514
5159 2.73704
5160 2.73704
5161 2.72322
5162 2.73388
5163 2.72952
5164 2.74308
5165 2.7286
5166 2.73095
5167 2.73767
5168 2.73767
5169 2.73234
5170 2.73936
5171 2.73615
5172 2.72905
5173 2.73686
5174 2.72815
5175 2.72815
5176 2.7348
5177 2.73721
5178 2.73392
5179 2.73542
5180 2.72887
5181 2.73277
5182 2.73277
5183 2.73468
5184 2.73382
5185 2.73029
5186 2.73675
5187 2.73354
5188 2.73827
5189 2.73642
5190 2.73642
5191 2.73116
5192 2.72124
5193 2.73439
5194 2.73039
5195 2.73363
5196 2.73387
5197 2.73387
5198 2.72774
5199 2.7316
5200 2.73389
5201 2.73125
5202 2.7243
5203 2.7404
5204 2.7404
5205 2.73377
5206 2.72922
5207 2.72875
5208 2.73652
5209 2.72591
5210 2.73437
5211 2.73579
5212 2.73579
5213 2.73764
5214 2.7291
5215 2.73185
5216 2.73541
5217 2.73298
5218 2.73449
5219 2.73449
5220 2.72789
5221 2.73514
5222 2.73929
5223 2.72969
5224 2.7384
5225 2.73428
5226 2.73094
5227 2.73094
5228 2.72957
5229 2.7327
5230 2.73532
5231 2.73707
5232 2.73223
5233 2.74077
5234 2.74077
5235 2.73661
5236 2.737
5237 2.73373
5238 2.73281
5239 2.73489
5240 2.73758
5241 2.7319
5242 2.7319
5243 2.73364
5244 2.72989
5245 2.73905
5246 2.73012
5247 2.73432
5248 2.72845
5249 2.72845
5250 2.72487
5251 2.73048
5252 2.728
5253 2.74353
5254 2.74096
5255 2.73122
5256 2.73122
5257 2.73191
5258 2.73006
5259 2.73364
5260 2.72862
5261 2.73
5262 2.72813
5263 2.73267
5264 2.73267
5265 2.72636
5266 2.7238
5267 2.72535
5268 2.73709
5269 2.73716
5270 2.73041
5271 2.73041
5272 2.73057
5273 2.73359
5274 2.7307
5275 4.19332
5276 4.20212
5277 4.19711
5278 4.20486
5279 4.20008
5280 4.20104
5281 4.19539
5282 4.2024
5283 4.19533
5284 4.2063
5285 4.19802
5286 4.20645
5287 4.19887
5288 4.18653
5289 4.20078
5290 3.33295
5291 4.40638
5292 4.4123
5293 3.33509
5294 3.32846
5295 3.32834
5296 3.33752
5297 4.39231
5298 3.33199
5299 3.31854
5300 3.33468
5301 3.33016
5302 3.34003
5303 4.40181
5304 3.33108
5305 3.33883
5306 3.33078
5307 3.33458
5308 3.33172
5309 3.3416
5310 4.20721
5311 4.19269
5312 4.19224
5313 4.18126
5314 4.20371
5315 4.21186
5316 4.19033
5317 4.18487
5318 4.21233
5319 4.20846
5320 4.1902
5321 4.19122
5322 4.20918
5323 4.19617
5324 4.20889
5325 4.20053
5326 4.20663
5327 4.20406
5328 4.19259
5329 4.19462
5330 3.32092
5331 3.3358
5332 3.32094
5333 4.40181
5334 3.32989
5335 3.32624
5336 3.3454
5337 3.3287
5338 3.31759
5339 3.33288
5340 3.32729
5341 3.32681
5342 3.33436
5343 3.34741
5344 3.33521
5345 4.19098
5346 4.19286
5347 4.21406
5348 4.19588
5349 4.20239
5350 4.2148
5351 4.18955
5352 4.18501
5353 4.21384
5354 4.18106
5355 4.2089
5356 4.19515
5357 4.19228
5358 4.18255
5359 4.20339
5360 4.20748
5361 4.20354
5362 4.19623
5363 4.18476
5364 4.19138
5365 3.34121
5366 3.3313
5367 3.3376
5368 4.40261
5369 3.33993
5370 3.32386
5371 3.34377
5372 3.33161
5373 3.32247
5374 3.33286
5375 3.32713
5376 3.34373
5377 3.33837
5378 3.32948
5379 3.33904
5380 4.20067
5381 4.19962
5382 4.18475
5383 4.19745
5384 4.20614
5385 4.20771
5386 4.209
5387 4.20433
5388 4.18775
5389 4.2072
5390 4.20503
5391 4.20896
5392 4.22921
5393 4.20585
5394 4.20407
5395 3.3362
5396 3.32141
5397 3.33214
5398 3.34269
5399 3.33182
5400 3.34084
5401 2.80343
5402 2.80415
5403 2.80475
5404 2.79249
5405 2.78872
5406 2.80769
5407 2.80032
5408 2.79906
5409 2.79389
5410 2.79951
5411 2.79951
5412 2.80057
5413 2.80736
5414 2.80288
5415 2.80167
5416 2.79914
5417 2.80827
5418 2.80087
5419 2.80788
5420 2.79796
5421 2.79796
5422 2.79743
5423 2.80498
5424 2.79247
5425 2.80325
5426 2.80388
5427 2.80116
5428 2.80243
5429 2.79344
5430 2.79344
5431 2.7932
5432 2.79751
5433 2.79392
5434 2.80292
5435 2.80536
5436 2.80479
5437 2.79929
5438 2.78826
5439 2.79918
5440 3.06726
5441 2.53744
5442 3.06728
5443 2.53692
5444 3.07312
5445 2.53092
5446 2.80176
5447 2.80865
5448 2.80818
5449 2.80191
5450 2.79148
5451 2.80974
5452 2.53397
5453 3.07037
5454 2.53823
5455 2.52843
5456 2.80104
5457 2.80279
5458 2.80209
5459 2.79302
5460 2.80104
5461 2.80043
5462 2.52821
5463 3.06264
5464 2.53088
5465 2.53088
5466 2.79608
5467 2.80892
5468 2.80004
5469 2.80475
5470 2.53859
5471 2.79465
5472 2.80293
5473 2.79851
5474 2.79309
5475 2.79309
5476 2.80363
5477 2.79174
5478 2.80654
5479 2.80461
5480 2.80332
5481 2.80583
5482 2.7927
5483 2.7927
5484 2.8017
5485 2.80352
5486 2.79269
5487 2.81276
5488 2.79458
5489 2.80056
5490 2.7995
5491 2.79416
5492 2.79416
5493 2.79439
5494 2.80349
5495 2.79634
5496 2.79877
5497 2.79906
5498 2.78739
5499 2.79563
5500 2.79865
5501 2.79865
5502 2.79793
5503 2.80135
5504 2.79939
5505 2.79801
5506 2.80269
5507 2.80024
5508 2.80506
5509 2.80154
5510 2.79349
5511 2.79349
5512 2.53524
5513 3.05993
5514 2.52968
5515 2.52729
5516 2.7973
5517 2.79381
5518 2.80599
5519 2.80033
5520 2.5339
5521 2.80306
5522 2.80653
5523 2.80463
5524 2.79716
5525 2.53336
5526 2.80485
5527 2.99317
5528 3.0037
5529 2.99011
5530 2.99307
5531 2.99652
5532 2.99184
5533 2.99739
5534 3.00098
5535 2.98473
5536 2.98658
5537 2.98658
5538 2.99655
5539 2.99422
5540 3.01098
5541 3.00142
5542 2.99523
5543 2.99708
5544 2.98853
5545 2.99471
5546 3.00281
5547 2.39981
5548 2.40552
5549 2.39919
5550 3.2049
5551 2.93595
5552 2.93257
5553 2.39826
5554 2.39387
5555 2.39387
5556 2.9406
5557 2.39914
5558 2.40234
5559 2.39382
5560 2.93596
5561 2.39835
5562 4.73179
5563 4.72167
5564 4.72982
5565 4.73801
5566 4.73304
5567 4.7009
5568 3.00649
5569 4.88269
5570 2.99466
5571 2.9961
5572 4.73932
5573 4.73067
5574 4.75452
5575 4.74673
5576 2.99886
5577 3.20305
5578 3.20323
5579 3.19744
5580 3.59462
5581 2.99828
5582 3.20746
5583 3.00067
5584 3.00015
5585 2.99999
5586 2.99983
5587 2.99955
5588 3.00679
5589 2.99171
5590 3.00988
5591 3.00409
5592 2.99487
5593 2.99199
5594 3.00312
5595 3.00312
5596 2.99614
5597 3.00151
5598 2.40253
5599 2.40357
5600 2.40302
5601 2.9349
5602 2.40005
5603 2.40005
5604 4.73923
5605 4.7383
5606 4.72849
5607 4.72075
5608 3.00513
5609 4.73265
5610 3.18524
5611 3.80669
5612 3.80536
5613 3.80388
5614 3.79267
5615 3.80393
5616 3.80706
5617 3.80131
5618 3.79849
5619 3.80112
5620 3.80241
5621 3.78254
5622 3.79831
5623 3.78572
5624 3.80015
5625 3.80122
5626 3.80168
5627 3.80406
5628 3.81493
5629 3.80563
5630 3.8058
5631 3.79918
5632 3.80211
5633 3.79684
5634 3.80675
5635 3.79463
5636 3.78752
5637 3.80332
5638 3.80134
5639 3.82122
5640 3.79739
5641 3.8167
5642 3.82305
5643 3.80104
5644 3.7911
5645 3.7994
5646 3.7931
5647 3.81698
5648 3.80513
5649 3.79985
5650 3.79648
5651 3.79548
5652 3.80033
5653 3.80887
5654 3.79407
5655 3.80317
5656 3.79747
5657 3.8
5658 3.80966
5659 3.80944
5660 3.79966
5661 3.82245
5662 3.78964
5663 3.78449
5664 3.79642
5665 3.79961
5666 3.80249
5667 3.81272
5668 3.79424
5669 3.79211
5670 3.78865
5671 3.79924
5672 3.80754
5673 3.79199
5674 3.80016
5675 3.80743
5676 3.80986
5677 3.80098
5678 3.7962
5679 3.80953
5680 3.80224
5681 3.11555
5682 3.12737
5683 3.13301
5684 3.13549
5685 3.13755
5686 3.13264
5687 3.13264
5688 3.12718
5689 3.12109
5690 3.14727
5691 3.53392
5692 4.05703
5693 4.07176
5694 3.52546
5695 3.53045
5696 4.06703
5697 3.5312
5698 3.54556
5699 4.06164
5700 3.53224
5701 3.13344
5702 3.13184
5703 3.13785
5704 3.12325
5705 3.13536
5706 3.13641
5707 3.13466
5708 3.13037
5709 3.13037
5710 3.13424
5711 3.5352
5712 3.54444
5713 4.07952
5714 3.52721
5715 3.52709
5716 3.13418
5717 3.12817
5718 3.12993
5719 3.12122
5720 3.12122
5721 3.1374
5722 3.13817
5723 3.1347
5724 3.13844
5725 3.13515
5726 3.53006
5727 3.52479
5728 4.06913
5729 3.54008
5730 3.52971
5731 3.14205
5732 3.13005
5733 3.13283
5734 3.13143
5735 3.14259
5736 3.53441
5737 4.20182
5738 4.20461
5739 4.19682
5740 4.21148
5741 4.20023
5742 4.21019
5743 4.19922
5744 4.19367
5745 4.20719
5746 4.19105
5747 4.19959
5748 4.20789
5749 4.18285
5750 4.19449
5751 4.20371
5752 4.19613
5753 4.21448
5754 4.1871
5755 4.19285
5756 4.19183
5757 5.41482
5758 5.40535
5759 5.42214
5760 6.19471
5761 3.40221
5762 3.40376
5763 5.40535
5764 5.40272
5765 5.3909
5766 3.40246
5767 5.38187
5768 5.38977
5769 5.39615
5770 3.39207
5771 5.41042
5772 4.17832
5773 4.20065
5774 4.20575
5775 4.20079
5776 4.17701
5777 4.198
5778 4.21269
5779 4.18966
5780 4.18531
5781 4.20679
5782 4.1961
5783 4.20732
5784 4.20808
5785 4.20854
5786 4.20714
5787 5.40857
5788 5.39661
5789 5.42166
5790 3.39284
5791 5.39373
5792 5.40805
5793 2.99427
5794 2.99284
5795 2.99903
5796 2.99586
5797 2.99819
5798 3.00484
5799 2.99625
5800 2.98204
5801 2.98204
5802 2.99541
5803 4.73194
5804 4.728
5805 4.87173
5806 4.72505
5807 4.72435
5808 3.13214
5809 3.13751
5810 3.1354
5811 3.39768
5812 3.15011
5813 4.74122
5814 3.00027
5815 2.99062
5816 2.99976
5817 2.99976
5818 3.00798
5819 4.73543
5820 3.14387
5821 3.34498
5822 3.32174
5823 3.3327
5824 3.32614
5825 3.33436
5826 3.33228
5827 3.33295
5828 3.33456
5829 3.32885
5830 3.3257
5831 3.32588
5832 3.33591
5833 3.34685
5834 3.33728
5835 3.33685
5836 3.33161
5837 3.33392
5838 3.3242
5839 3.34251
5840 3.32814
5841 3.34152
5842 3.33647
5843 3.32625
5844 3.33828
5845 3.33355
5846 3.32475
5847 3.32482
5848 3.33176
5849 3.3359
5850 3.34138
5851 3.34021
5852 3.32903
5853 3.33935
5854 3.3315
5855 3.3379
5856 2.93512
5857 2.93661
5858 2.92592
5859 2.92982
5860 2.93386
5861 2.93834
5862 3.6139
5863 3.8628
5864 3.59993
5865 3.59796
5866 2.93049
5867 2.93065
5868 2.94097
5869 2.93857
5870 3.59534
5871 2.92455
5872 2.93954
5873 2.92781
5874 2.93252
5875 3.60383
5876 2.93142
5877 3.40547
5878 3.40326
5879 3.40569
5880 3.39492
5881 3.40179
5882 3.40313
5883 3.40892
5884 3.39357
5885 3.40147
5886 3.40763
5887 3.39695
5888 3.40449
5889 3.87245
5890 3.40762
5891 3.41064
5892 3.39956
5893 3.39699
5894 3.39078
5895 3.39504
5896 3.39541
5897 3.3924
5898 2.79109
5899 2.80748
5900 2.80125
5901 2.80629
5902 2.93247
5903 3.40055
5904 2.80896
5905 2.60042
5906 2.59985
5907 2.59985
5908 2.58994
5909 2.5906
5910 2.60322
5911 2.59443
5912 2.59348
5913 2.59348
5914 2.60046
5915 2.59765
5916 2.60706
5917 2.60165
5918 2.60551
5919 2.60551
5920 3.33066
5921 3.33463
5922 3.33002
5923 2.79233
5924 3.31899
5925 3.33943
5926 4.14516
5927 4.13402
5928 4.13353
5929 4.12606
5930 3.19467
5931 4.14535
5932 4.12894
5933 3.00186
5934 3.00493
5935 2.99415
5936 2.99691
5937 3.00194
5938 3.12233
5939 3.00626
5940 3.34111
5941 2.72851
5942 2.72946
5943 2.7369
5944 2.72822
5945 2.73527
5946 2.73319
5947 2.73319
5948 2.73156
5949 2.73025
5950 2.73262
5951 2.7386
5952 2.73939
5953 2.73243
5954 2.73561
5955 2.72978
5956 2.72978
5957 2.72962
5958 2.74125
5959 2.73228
5960 2.73474
5961 2.73677
5962 2.73195
5963 2.74425
5964 2.74425
5965 2.73134
5966 2.73657
5967 2.73644
5968 2.73414
5969 2.7293
5970 2.74015
5971 2.73213
5972 2.74341
5973 2.74341
5974 2.73257
5975 2.73679
5976 2.73622
5977 2.73216
5978 2.73844
5979 2.73605
5980 2.73569
5981 2.72902
5982 2.72902
5983 2.72812
5984 2.7305
5985 2.73898
5986 2.73398
5987 2.73239
5988 2.7308
5989 2.73125
5990 2.73926
5991 2.73926
5992 2.73632
5993 2.73288
5994 2.73701
5995 2.73787
5996 2.73152
5997 2.73236
5998 2.73186
5999 2.73218
6000 2.73218
6001 2.73026
6002 2.74197
6003 2.72942
6004 2.73625
6005 2.72967
6006 2.73676
6007 2.73196
6008 2.73447
6009 2.73179
6010 2.73179
6011 2.60163
6012 2.59936
6013 2.59778
6014 2.60167
6015 2.60185
6016 2.60386
6017 2.59618
6018 2.59618
6019 2.5913
6020 2.59635
6021 2.5965
6022 2.99874
6023 2.99874
6024 2.60386
6025 2.5948
6026 2.99267
6027 2.59451
6028 2.59911
6029 2.99591
6030 2.59949
6031 2.5983
6032 2.60103
6033 2.60373
6034 2.60178
6035 2.59428
6036 2.59726
6037 2.59726
6038 2.60566
6039 2.60109
6040 2.60623
6041 2.60411
6042 2.59922
6043 3.00218
6044 2.59796
6045 2.59795
6046 2.59863
6047 2.59304
6048 2.59361
6049 2.59361
6050 2.60801
6051 2.59961
6052 2.59921
6053 2.59795
6054 2.60218
6055 2.60006
6056 2.60251
6057 2.60251
6058 2.99061
6059 2.60318
6060 2.59546
6061 2.59924
6062 2.59532
6063 2.6017
6064 2.60842
6065 2.6048
6066 2.59835
6067 3.80555
6068 3.80325
6069 3.80776
6070 3.8031
6071 3.81269
6072 3.81105
6073 3.80433
6074 3.79999
6075 3.79401
6076 3.80507
6077 3.80419
6078 3.80497
6079 3.79923
6080 3.79838
6081 3.79945
6082 3.80197
6083 3.79762
6084 3.78549
6085 3.80994
6086 3.80513
6087 3.53816
6088 3.53354
6089 3.52126
6090 4.07547
6091 3.13364
6092 3.13462
6093 3.53524
6094 3.53225
6095 3.53826
6096 3.13084
6097 3.52491
6098 3.53161
6099 3.53481
6100 3.1331
6101 3.5413
6102 3.79872
6103 3.79898
6104 3.80558
6105 3.80262
6106 3.79575
6107 3.79566
6108 3.8032
6109 3.7998
6110 3.799
6111 3.79388
6112 3.81473
6113 3.80458
6114 3.78868
6115 3.8056
6116 3.79244
6117 3.52606
6118 3.53125
6119 3.53708
6120 3.1333
6121 3.52623
6122 3.5294
6123 2.99605
6124 3.01446
6125 2.99432
6126 2.99325
6127 3.00124
6128 3.00061
6129 3.01095
6130 3.00601
6131 3.00369
6132 3.00183
6133 4.11917
6134 4.14428
6135 4.40272
6136 4.13627
6137 4.13477
6138 2.60224
6139 2.60661
6140 2.60568
6141 3.14061
6142 2.60542
6143 3.19104
6144 2.99939
6145 3.00117
6146 3.0007
6147 3.00119
6148 2.99179
6149 4.14814
6150 2.60084
6151 2.8029
6152 2.79873
6153 2.79541
6154 2.79912
6155 2.78889
6156 2.79932
6157 2.79443
6158 2.8026
6159 2.80049
6160 2.80457
6161 2.79708
6162 2.79708
6163 2.79905
6164 2.80599
6165 2.79428
6166 2.79667
6167 2.80364
6168 2.79558
6169 2.78986
6170 2.79858
6171 2.80179
6172 2.80411
6173 2.79951
6174 2.79726
6175 2.80339
6176 2.80032
6177 2.7987
6178 2.7987
6179 2.79329
6180 2.79939
6181 2.802
6182 2.7986
6183 2.79698
6184 2.80726
6185 2.80223
6186 2.52659
6187 2.5356
6188 2.53421
6189 2.53421
6190 2.53605
6191 2.53012
6192 2.79571
6193 3.0642
6194 2.79905
6195 2.80015
6196 2.53281
6197 2.52925
6198 2.53425
6199 2.52972
6200 2.79413
6201 2.52974
6202 2.53438
6203 2.53438
6204 2.53361
6205 2.80228
6206 2.53089
6207 4.19679
6208 4.18582
6209 4.21201
6210 4.19916
6211 4.20421
6212 4.21451
6213 4.20101
6214 4.20655
6215 4.18954
6216 4.19175
6217 3.00861
6218 2.99616
6219 4.40929
6220 2.99006
6221 2.99501
6222 4.18784
6223 4.21386
6224 4.19798
6225 4.19949
6226 4.19209
6227 2.99906
6228 3.18725
6229 3.20132
6230 3.20937
6231 3.19656
6232 3.19929
6233 3.12677
6234 3.20366
6235 2.73097
6236 2.73514
6237 2.72875
6238 2.7427
6239 2.73825
6240 2.73133
6241 2.73133
6242 2.72912
6243 2.73906
6244 2.72763
6245 2.73251
6246 2.72973
6247 2.73688
6248 2.74098
6249 2.74098
6250 2.80575
6251 2.79161
6252 2.79777
6253 2.793
6254 2.79348
6255 2.80042
6256 3.80945
6257 3.80323
6258 3.8004
6259 3.79903
6260 3.1384
6261 3.80604
6262 3.3534
6263 4.20585
6264 4.19324
6265 4.21498
6266 4.20374
6267 4.20442
6268 3.31264
6269 2.99609
6270 4.20515
6271 3.7965
6272 3.80626
6273 3.795
6274 3.81621
6275 3.80258
6276 3.78575
6277 3.81007
6278 3.78797
6279 3.79906
6280 3.79629
6281 3.78197
6282 3.80598
6283 3.78883
6284 3.79041
6285 3.80265
6286 3.8029
6287 3.81353
6288 3.79961
6289 3.80231
6290 3.8108
6291 3.80164
6292 3.79422
6293 3.80548
6294 3.80326
6295 3.78229
6296 3.80888
6297 3.80387
6298 3.78662
6299 3.79231
6300 3.79981
6301 3.80243
6302 3.79893
6303 3.80141
6304 3.80162
6305 3.80283
6306 3.01143
6307 2.99862
6308 3.00163
6309 2.99662
6310 2.99758
6311 2.99225
6312 4.13929
6313 4.42738
6314 4.15163
6315 4.1433
6316 2.99381
6317 2.99497
6318 2.99933
6319 2.99535
6320 4.13336
6321 2.99958
6322 2.99811
6323 3.0015
6324 3.0027
6325 4.11714
6326 2.99895
6327 3.53594
6328 3.5397
6329 3.54755
6330 3.53346
6331 3.52602
6332 3.53664
6333 3.53649
6334 3.53068
6335 3.53893
6336 3.53619
6337 3.13452
6338 3.12164
6339 4.06964
6340 3.1267
6341 3.13426
6342 3.53325
6343 3.53811
6344 3.52263
6345 3.542
6346 3.53787
6347 3.12989
6348 2.60672
6349 2.59552
6350 2.60838
6351 2.60838
6352 3.19981
6353 3.13639
6354 2.59814
6355 2.73352
6356 2.73622
6357 2.73295
6358 2.73379
6359 2.73379
6360 2.73804
6361 2.73062
6362 2.7237
6363 2.73039
6364 2.7264
6365 2.74201
6366 2.7316
6367 2.7316
6368 2.73172
6369 2.73068
6370 3.79913
6371 3.80328
6372 3.80075
6373 3.1267
6374 3.79515
6375 3.80693
6376 4.19602
6377 4.21572
6378 4.20745
6379 4.19823
6380 3.3357
6381 4.19227
6382 4.19658
6383 2.80559
6384 2.80061
6385 2.8176
6386 2.80408
6387 2.80075
6388 2.79985
6389 3.32951
6390 2.99534
6391 2.73725
6392 2.73725
6393 2.73466
6394 2.73184
6395 2.73319
6396 2.73912
6397 2.72827
6398 2.7387
6399 2.73515
6400 2.73621
6401 2.73711
6402 2.73769
6403 2.74161
6404 2.74161
6405 2.73252
6406 4.19001
6407 4.20677
6408 4.18979
6409 3.32366
6410 4.21411
6411 4.21293
6412 2.80722
6413 2.79957
6414 2.80613
6415 2.79531
6416 2.79084
6417 2.80782
6418 2.99914
6419 3.7955
6420 3.79221
6421 3.80553
6422 3.81821
6423 3.79637
6424 3.13711
6425 4.20282
6426 3.3434
6427 2.73291
6428 2.7323
6429 2.7313
6430 2.7334
6431 2.73943
6432 2.60372
6433 3.79542
6434 2.79852
6435 3.80008
