1 4.6555
2 4.7205
3 4.3987
4 5.1386
5 7.0936
6 5.6653
7 6.2967
8 4.2729
9 5.6074
10 4.2787
11 6.2329
12 4.4285
13 7.0491
14 5.0327
15 4.6999
16 7.0904
17 4.4064
18 5.0412
19 4.2773
20 5.574
21 6.2709
22 6.2867
23 5.609
24 4.2699
25 5.0871
26 4.3784
27 7.0689
28 5.0913
29 7.0699
30 4.4228
31 6.3116
32 4.2501
33 5.6102
34 4.2646
35 6.3198
36 5.6465
37 7.139
38 5.0994
39 4.3733
40 4.6541
41 4.6976
42 4.4012
43 5.0871
44 7.0496
45 5.6036
46 6.2508
47 4.2791
48 5.5799
49 4.2875
50 6.2921
51 4.6231
52 7.0256
53 4.3736
54 5.0714
55 4.2778
56 5.6132
57 6.224
58 6.2214
59 5.6784
60 4.2326
61 5.0989
62 7.025
63 4.3864
64 6.2178
65 4.2808
66 5.6836
67 4.2832
68 6.3272
69 5.5414
70 4.6973
71 4.6858
72 4.427
73 5.0971
74 7.1165
75 5.6384
76 6.3134
77 4.2784
78 4.6583
79 7.0531
80 4.3753
81 5.0988
82 4.2351
83 5.6047
84 6.2093
85 5.0635
86 7.0308
87 4.4018
88 6.2316
89 4.2547
90 5.5478
91 4.6261
92 4.6346
93 4.3694
94 5.0277
95 6.9909
96 4.6901
97 7.1061
98 4.4139
99 5.0691
100 5.0969
101 7.0577
102 4.3516
103 4.6936
104 4.6921
105 4.6356
