1 7.66202
2 7.69977
3 7.56357
4 7.90411
5 8.99358
6 8.18987
7 8.5707
8 7.47549
9 8.20244
10 7.48879
11 8.56558
12 7.55561
13 9.01126
14 7.91564
15 7.70521
16 8.97547
17 7.56857
18 7.88641
19 7.46866
20 8.21092
21 8.54101
22 8.55522
23 8.19458
24 7.49557
25 7.88899
26 7.55162
27 8.98915
28 7.89617
29 8.99537
30 7.53104
31 8.53755
32 7.47735
33 8.178
34 7.4709
35 8.59604
36 8.18046
37 8.97674
38 7.90329
39 7.50717
40 7.70916
41 7.66504
42 7.54378
43 7.9206
44 8.96388
45 8.22383
46 8.57423
47 7.47519
48 8.18451
49 7.45643
50 8.5363
51 7.68724
52 9.00736
53 7.55834
54 7.89151
55 7.4781
56 8.19789
57 8.55193
58 8.56713
59 8.19399
60 7.44377
61 7.8885
62 8.94364
63 7.53296
64 8.5742
65 7.4731
66 8.18758
67 7.46173
68 8.58279
69 8.18536
70 7.69006
71 7.714
72 7.53998
73 7.9291
74 9.00494
75 8.18139
76 8.58591
77 7.46821
78 7.71279
79 9.00964
80 7.52606
81 7.92252
82 7.48251
83 8.18356
84 8.5444
85 7.90033
86 8.97969
87 7.5203
88 8.55726
89 7.50245
90 8.20476
91 7.66247
92 7.69309
93 7.53182
94 7.89643
95 8.96743
96 7.7044
97 8.96661
98 7.52738
99 7.89192
100 7.87984
101 8.99103
102 7.50737
103 7.65304
104 7.67179
105 7.68727
