1 2.4472
2 2.4494
3 2.3136
4 2.3246
5 2.5152
6 2.327
7 2.4494
8 2.3257
9 2.5249
10 2.4516
11 2.4576
12 2.4466
13 2.515
14 2.3169
15 2.3343
16 2.3248
17 2.332
18 2.4663
19 2.4677
20 2.5318
21 2.4541
22 2.323
23 2.5262
24 2.3358
25 2.4634
26 2.3426
27 2.3198
28 2.4876
29 2.451
30 2.5168
31 2.1849
32 2.1925
33 2.1772
34 2.2063
35 2.448
36 2.3295
37 2.4663
38 2.3431
39 2.2167
40 2.4992
41 2.2125
42 2.2137
43 2.3549
44 2.3418
45 2.4702
46 2.202
47 2.4764
48 2.2035
49 2.4832
50 2.3468
51 2.3393
52 2.1873
53 2.1936
54 2.3226
55 2.3246
56 2.5274
57 2.1936
58 2.5295
59 2.3289
60 2.3329
61 2.3375
62 2.5521
63 2.3527
64 2.4626
65 2.4544
66 2.4856
67 2.4589
68 2.5415
69 2.3263
70 2.4626
71 2.33
72 2.3371
73 2.4573
74 2.3387
75 2.5238
76 2.4613
77 2.6036
78 3.6099
79 3.2757
80 3.547
81 2.876
82 2.8799
83 2.5962
84 3.2609
85 3.5971
86 2.4544
87 2.5151
88 2.4605
89 2.3218
90 2.725
91 2.2579
92 2.7297
93 2.5757
94 3.0834
95 3.574
96 2.7635
97 2.7478
98 2.494
99 3.1571
100 3.5977
101 3.1825
102 3.0928
103 2.7439
104 2.7457
105 3.0929
106 3.2479
107 2.7195
108 2.7465
109 2.4536
110 3.1343
111 3.5886
112 2.4639
113 2.7379
114 2.7403
115 2.8857
116 2.3291
117 3.0741
118 2.8818
119 2.5377
120 2.613
121 3.2832
122 2.5908
123 2.5889
124 2.2585
125 2.5275
126 2.1863
127 2.5273
128 2.2599
129 2.5988
130 2.5964
131 2.4608
132 2.32
133 2.4656
134 2.2526
135 2.7187
136 2.3136
137 2.7164
138 2.6036
139 2.1326
140 2.5413
141 2.0666
142 2.3957
143 2.1433
144 2.453
145 2.5289
146 2.1362
147 2.348
148 2.2889
149 2.2781
150 2.3567
151 2.2697
152 2.0723
153 2.4134
154 2.1326
155 2.4392
156 2.5841
157 2.1844
158 2.3298
159 2.2484
160 2.198
161 2.2875
162 2.7483
163 2.5311
164 2.3533
165 2.2649
166 2.5969
167 2.7987
168 2.328
169 2.7332
170 2.1995
171 2.8707
172 2.1942
173 2.8664
174 2.7797
175 3.1188
176 4.0448
177 2.7885
178 3.1184
179 2.598
180 3.6312
181 4.0833
182 3.0794
183 2.8804
184 2.5436
185 2.5366
186 2.8818
187 3.1174
188 2.7228
189 3.0542
190 2.525
191 3.5394
192 4.0856
193 2.3537
194 2.6032
195 2.6099
196 2.8028
197 2.2819
198 3.258
199 3.1388
200 2.4668
201 2.6292
202 3.6092
203 2.2003
204 2.721
205 2.0743
206 2.7328
207 2.0695
208 2.7295
209 2.7161
210 2.201
211 2.3475
212 2.4823
213 2.2087
214 2.4835
215 2.3489
216 2.0791
217 2.739
218 2.0777
219 2.7367
220 2.8089
221 2.3391
222 2.2409
223 2.3198
224 2.1784
225 2.3164
226 3.0667
227 2.8632
228 2.3582
229 2.2168
230 2.8978
231 3.0619
232 2.7363
233 2.4205
234 2.3717
235 2.7109
236 3.0419
237 2.7098
238 3.0569
239 2.5121
240 3.5667
241 4.0759
242 2.2077
243 2.4552
244 2.4754
245 2.7522
246 2.1252
247 3.1494
248 3.0864
249 2.3266
250 2.5316
251 3.5562
252 2.7319
253 2.402
254 2.404
255 2.7428
256 3.1299
257 2.4683
258 2.7338
259 2.7008
260 2.8638
261 2.2525
262 2.693
263 2.5015
264 2.4725
265 2.522
266 2.8915
267 2.1914
268 2.4489
269 2.4799
270 2.7844
271 2.1348
272 3.1356
273 3.1378
274 2.3532
275 2.6242
276 3.6418
277 2.3312
278 2.535
279 2.3261
280 2.5381
281 2.596
282 2.6014
283 2.4634
284 2.2836
285 3.2774
286 2.4718
287 2.4579
288 2.587
289 2.2597
290 2.5946
291 2.1953
292 2.5229
293 2.5245
294 2.603
295 2.589
296 2.2486
297 2.3265
298 2.47
299 2.5311
300 2.3323
301 2.4349
302 2.3397
303 2.5041
304 2.4703
305 2.3124
306 2.1268
307 2.5015
308 2.0671
309 2.438
310 2.5623
311 2.4994
312 2.5586
313 2.1293
314 2.334
315 2.3422
316 2.2643
317 2.1429
318 2.3337
319 2.2855
320 2.2868
321 2.2716
322 2.7105
323 2.451
324 2.7107
325 2.5771
326 2.3481
327 2.2183
328 2.0851
329 2.2798
330 2.2193
331 2.3501
332 2.3959
333 2.7436
334 2.524
335 2.2892
336 2.4659
337 2.5859
338 2.1336
339 2.5863
340 2.3259
341 2.2582
342 3.6332
343 3.2923
344 2.586
345 2.8468
346 2.8613
347 3.4866
348 3.2632
349 3.5502
350 2.5948
351 3.1472
352 2.8176
353 2.8104
354 3.1748
355 4.1118
356 3.5969
357 4.0886
358 2.6216
359 2.3285
360 2.8803
361 2.5002
362 3.0048
363 2.8098
364 3.0759
365 2.4832
366 2.1881
367 2.8613
368 2.7549
369 2.8873
370 2.818
371 2.2123
372 2.3534
373 2.761
374 2.6003
375 2.8004
376 2.5929
377 3.0976
378 3.2927
379 3.1623
380 2.2752
381 3.5726
382 4.0836
383 2.5308
384 3.6358
385 2.4734
386 2.594
387 3.1806
388 2.4768
389 2.7676
390 2.736
391 3.5937
392 3.1589
393 3.5353
394 2.462
395 2.5366
396 3.0567
397 2.7341
398 3.1067
399 3.027
400 3.2472
401 2.7182
402 2.3398
403 2.7407
404 2.4641
405 2.7359
406 2.5963
407 2.2544
408 2.4694
409 2.7316
410 2.7598
411 2.8734
412 2.7399
413 2.7377
414 3.0839
415 2.8469
416 2.3141
417 3.1356
418 3.574
419 2.4493
420 3.2712
421 2.5365
422 2.5799
423 2.1806
424 2.7025
425 2.3886
426 3.0287
427 2.728
428 3.0685
429 2.4023
430 2.0898
431 2.7558
432 2.7533
433 2.7521
434 2.7531
435 2.0623
436 2.2257
437 2.7536
438 2.4823
439 2.7474
440 2.4842
441 3.0619
442 3.1294
443 3.064
444 2.1391
445 3.5862
446 4.0772
447 2.5292
448 3.5797
449 2.3203
450 2.5518
451 2.3229
452 2.4545
453 2.2252
454 2.4525
455 2.3499
456 2.196
457 2.4469
458 2.7105
459 2.7228
460 2.8482
461 2.7201
462 2.3718
463 2.7549
464 2.5531
465 2.2767
466 2.7234
467 3.1279
468 2.3908
469 2.8577
470 2.4573
471 2.5292
472 2.3214
473 2.0567
474 2.3217
475 2.1935
476 2.2741
477 2.7278
478 3.0627
479 2.8629
480 2.3253
481 2.7299
482 2.7958
483 2.0669
484 2.8837
485 2.3377
486 2.2037
487 2.1969
488 2.5339
489 2.3129
490 2.3363
491 2.467
492 2.8074
493 2.4787
494 2.5842
495 2.5396
496 2.5958
497 3.0989
498 3.1019
499 2.1226
500 3.237
501 2.4518
502 2.2659
503 3.6476
504 2.3563
505 2.6131
506 2.488
507 2.5286
508 2.472
509 2.4633
510 2.3409
511 2.3317
512 2.4759
513 2.3267
514 2.5436
515 2.3595
516 2.3402
517 2.6045
518 2.2775
519 2.4676
520 2.737
521 2.4614
522 2.736
523 2.3316
524 2.2705
525 2.328
526 2.1407
527 2.2642
528 2.1359
529 2.3306
530 2.259
531 2.1907
532 2.5906
533 2.5278
534 2.5077
535 2.5825
536 2.2695
537 2.0723
538 2.2173
539 2.071
540 2.2736
541 2.3498
542 2.3875
543 2.5228
544 2.454
545 2.1423
546 2.3856
547 2.7351
548 2.2633
549 2.4836
550 2.1466
551 2.3335
552 2.5969
553 2.5452
554 2.4549
555 2.3495
556 2.7392
557 2.2852
558 2.7421
559 2.471
560 3.2955
561 3.6325
562 2.8886
563 2.8862
564 2.6184
565 3.2812
566 3.5528
567 3.1516
568 3.0722
569 2.705
570 2.7568
571 3.0819
572 3.1719
573 2.7552
574 2.7325
575 2.4838
576 3.1558
577 3.5539
578 2.4712
579 2.7436
580 2.716
581 2.7439
582 2.3157
583 3.0504
584 2.7288
585 2.5146
586 2.4726
587 3.115
588 2.335
589 2.4745
590 2.1334
591 2.5435
592 2.0675
593 2.5507
594 2.4325
595 2.2821
596 2.5912
597 2.7307
598 2.4554
599 2.7308
600 2.3268
601 2.0734
602 2.4749
603 2.0069
604 2.4682
605 2.4746
606 2.499
607 2.4291
608 2.499
609 2.1261
610 2.436
611 2.9637
612 2.5154
613 2.4349
614 2.0732
615 2.5617
616 3.0912
617 2.8445
618 2.5334
619 2.5074
620 2.7975
621 3.027
622 2.7003
623 2.7206
624 2.4426
625 3.1366
626 3.5702
627 2.2725
628 2.5602
629 2.5428
630 2.6496
631 2.1252
632 2.8588
633 2.6621
634 2.3297
635 2.387
636 3.1031
637 2.8154
638 2.4812
639 2.4778
640 2.8295
641 3.1624
642 2.7433
643 3.0014
644 2.9984
645 2.8608
646 2.542
647 2.9915
648 2.5198
649 2.7335
650 2.5446
651 2.8463
652 2.1984
653 2.4846
654 2.4814
655 2.7365
656 2.0757
657 2.8189
658 2.749
659 2.271
660 2.4489
661 3.1385
662 2.5366
663 2.739
664 2.2555
665 2.7297
666 2.5283
667 2.5345
668 2.6005
669 2.1343
670 2.8442
671 2.3266
672 3.5819
673 2.6002
674 3.1176
675 2.7904
676 4.0408
677 3.1155
678 4.0435
679 2.801
680 2.466
681 3.2581
682 2.598
683 3.5364
684 2.8526
685 3.5913
686 2.8902
687 2.2756
688 2.6086
689 2.5529
690 2.5313
691 2.6274
692 2.2074
693 2.3392
694 3.0991
695 2.5332
696 3.1575
697 2.8891
698 2.7677
699 2.888
700 2.8198
701 2.2096
702 3.0627
703 4.0565
704 2.7292
705 3.1341
706 2.3367
707 2.8038
708 2.3367
709 3.1281
710 2.4569
711 3.5371
712 2.74
713 3.5116
714 2.729
715 2.1997
716 2.7995
717 2.8565
718 2.735
719 2.8642
720 2.189
721 2.2677
722 3.1153
723 2.4605
724 3.1478
725 2.8152
726 3.1211
727 3.1169
728 3.1204
729 2.2024
730 3.5554
731 4.6819
732 2.8696
733 3.5577
734 2.3427
735 2.8719
736 2.2438
737 2.3003
738 2.2458
739 2.234
740 2.3087
741 2.1188
742 2.3049
743 3.1073
744 2.5451
745 3.1736
746 2.8959
747 2.4226
748 2.5336
749 2.4648
750 2.1436
751 2.675
752 3.5294
753 2.675
754 2.7424
755 2.2678
756 2.7627
757 2.2118
758 2.1526
759 2.141
760 2.2243
761 2.2168
762 2.7498
763 2.8739
764 2.81
765 2.2132
766 2.677
767 2.8812
768 2.1516
769 2.7405
770 2.127
771 2.1907
772 2.2068
773 2.3323
774 2.2671
775 2.1896
776 2.4101
777 3.1815
778 2.771
779 2.4781
780 2.3396
781 2.839
782 3.0758
783 3.143
784 2.1409
785 3.1443
786 2.2748
787 2.2094
788 3.54
789 2.2761
790 2.8601
791 2.3348
792 2.512
793 3.543
794 2.598
795 4.0573
796 2.7878
797 4.0522
798 3.1278
799 2.3432
800 2.6104
801 2.75
802 2.472
803 2.7468
804 2.284
805 2.35
806 3.5419
807 2.485
808 3.5426
809 3.1269
810 2.897
811 2.8143
812 2.8797
813 2.2
814 3.1347
815 4.6509
816 3.1172
817 3.1334
818 2.2731
819 3.1829
820 3.2611
821 3.0487
822 2.7472
823 2.7306
824 3.0727
825 3.1176
826 3.047
827 4.0765
828 2.9758
829 4.7033
830 4.6626
831 2.7341
832 2.978
833 3.003
834 2.8626
835 2.8759
836 4.7081
837 3.5609
838 3.0675
839 2.7259
840 4.0399
841 2.8562
842 2.5338
843 2.5254
844 2.8485
845 3.1587
846 2.7426
847 3.0232
848 3.0072
849 2.8179
850 2.5398
851 2.9789
852 2.4461
853 2.7261
854 2.4669
855 2.7803
856 2.4588
857 2.748
858 2.747
859 2.8672
860 2.5642
861 4.0905
862 3.5474
863 2.6944
864 2.7019
865 4.0254
866 2.8529
867 3.0513
868 2.3403
869 3.0416
870 2.6014
871 2.6094
872 3.2667
873 2.3494
874 3.6171
875 2.5319
876 2.3308
877 2.3257
878 2.4653
879 2.1886
880 2.4694
881 2.2107
882 2.3368
883 3.5635
884 2.4672
885 3.5622
886 3.1171
887 2.5435
888 2.4796
889 2.5419
890 2.1395
891 2.7172
892 4.1264
893 3.109
894 2.7417
895 2.2041
896 3.1057
897 2.2081
898 2.3465
899 2.0707
900 2.3471
901 2.2754
902 2.8852
903 2.8132
904 2.8813
905 2.2199
906 2.7527
907 3.0792
908 2.3469
909 2.7494
910 2.088
911 2.3351
912 2.3287
913 2.2612
914 2.3277
915 2.2001
916 2.4479
917 3.5778
918 3.1175
919 2.4547
920 2.264
921 3.1136
922 3.1368
923 3.2715
924 2.2691
925 3.1388
926 2.2028
927 2.2711
928 3.5652
929 2.3171
930 3.3129
931 2.3159
932 2.8581
933 2.56
934 2.5162
935 2.8277
936 3.0737
937 2.4671
938 2.7262
939 2.7197
940 2.6925
941 2.256
942 2.7272
943 2.409
944 2.4524
945 2.403
946 2.7372
947 2.4652
948 2.7311
949 2.7438
950 2.862
951 2.5401
952 4.0723
953 3.5323
954 2.7252
955 2.7324
956 4.0679
957 2.5303
958 2.7154
959 2.2482
960 2.7341
961 2.5341
962 2.5289
963 2.8713
964 2.2678
965 3.5361
966 2.4513
967 2.3189
968 2.5833
969 2.5657
970 2.805
971 2.1412
972 2.6033
973 2.4664
974 2.3279
975 2.4714
976 2.7955
977 2.8759
978 3.0702
979 2.3325
980 3.0792
981 2.6131
982 2.6036
983 2.8665
984 2.14
985 2.6083
986 2.3377
987 2.3421
988 2.5421
989 2.3368
990 2.5342
991 2.6024
992 2.6078
993 2.5892
994 2.3264
995 3.6119
996 2.5152
997 3.2553
998 2.2626
999 2.4603
1000 2.4581
1001 2.4593
1002 2.4614
1003 3.2572
1004 2.5896
1005 3.5906
1006 2.8819
1007 3.5168
1008 2.8921
1009 3.6327
1010 2.619
1011 3.2537
1012 2.2725
1013 2.5973
1014 2.6151
1015 2.535
1016 2.5514
1017 2.2058
1018 2.6174
1019 2.2724
1020 2.6042
1021 2.3428
1022 3.1532
1023 2.5426
1024 3.091
1025 2.8824
1026 3.1597
1027 2.5314
1028 2.8665
1029 2.787
1030 2.8582
1031 2.7196
1032 2.1894
1033 2.7702
1034 2.2083
1035 2.8469
1036 3.1006
1037 4.0604
1038 2.8039
1039 4.0954
1040 2.613
1041 3.6288
1042 3.0766
1043 2.3378
1044 3.1358
1045 2.2601
1046 3.2753
1047 2.7305
1048 4.0656
1049 2.5217
1050 3.5777
1051 2.7708
1052 2.5783
1053 2.5617
1054 2.5774
1055 3.54
1056 2.4369
1057 2.4825
1058 2.5492
1059 2.3398
1060 2.4788
1061 2.3423
1062 2.3448
1063 2.48
1064 2.3119
1065 2.5213
1066 2.5034
1067 3.1322
1068 2.689
1069 3.1321
1070 3.0401
1071 3.2263
1072 2.7091
1073 3.0334
1074 2.4617
1075 2.7416
1076 2.4671
1077 2.3373
1078 2.6019
1079 2.2724
1080 2.7409
1081 2.7584
1082 3.5761
1083 2.7601
1084 3.5843
1085 2.4951
1086 3.1231
1087 2.7358
1088 2.4551
1089 2.8719
1090 2.3299
1091 3.0608
1092 2.7293
1093 3.6111
1094 2.4684
1095 3.1549
1096 2.8589
1097 2.7481
1098 2.7527
1099 2.5981
1100 3.2729
1101 2.5436
1102 2.3371
1103 2.1441
1104 2.2801
1105 2.1583
1106 2.3428
1107 2.2861
1108 2.2725
1109 2.3467
1110 2.4667
1111 2.7549
1112 2.4765
1113 2.2746
1114 2.6115
1115 2.3283
1116 2.73
1117 2.3935
1118 2.5321
1119 2.0695
1120 2.5355
1121 2.1317
1122 2.4701
1123 2.4036
1124 2.1906
1125 2.5277
1126 2.2609
1127 2.7275
1128 2.0617
1129 2.5874
1130 2.1337
1131 2.4529
1132 2.1857
1133 2.3239
1134 2.2872
1135 2.2697
1136 2.603
1137 2.3598
1138 2.1992
1139 2.4773
1140 2.2128
1141 2.3311
1142 2.3459
1143 2.1955
1144 2.4783
1145 2.3926
1146 3.0517
1147 2.7312
1148 3.0724
1149 2.393
1150 2.7469
1151 2.3997
1152 2.4569
1153 2.5329
1154 2.2653
1155 2.7334
1156 2.6885
1157 3.0771
1158 2.3608
1159 2.6959
1160 2.8828
1161 2.7499
1162 2.6985
1163 2.5383
1164 2.8288
1165 2.446
1166 2.7196
1167 2.7197
1168 2.0653
1169 2.7607
1170 2.0677
1171 2.7617
1172 2.7533
1173 2.3672
1174 2.9019
1175 2.3494
1176 3.0731
1177 2.0667
1178 2.7961
1179 2.0734
1180 2.7304
1181 2.2095
1182 2.2652
1183 2.3423
1184 2.2076
1185 2.906
1186 2.3404
1187 3.057
1188 2.2013
1189 3.0588
1190 2.1254
1191 3.1206
1192 2.7362
1193 4.0984
1194 2.5454
1195 3.5491
1196 2.7533
1197 2.4795
1198 2.4743
1199 2.5438
1200 3.5452
1201 2.3336
1202 2.2203
1203 3.1728
1204 2.1502
1205 3.1051
1206 2.3284
1207 2.3275
1208 2.5261
1209 2.2622
1210 3.2471
1211 2.4466
1212 2.8316
1213 2.4955
1214 2.4804
1215 2.607
1216 3.5996
1217 2.351
1218 2.6247
1219 2.6128
1220 2.5493
1221 2.4881
1222 2.4684
1223 2.5507
1224 2.4834
1225 2.4787
1226 2.3523
1227 2.3457
1228 2.3578
1229 2.3557
1230 2.5359
1231 2.5337
1232 3.2639
1233 2.7182
1234 3.127
1235 3.0785
1236 3.0976
1237 2.6981
1238 3.0467
1239 2.5822
1240 2.7138
1241 2.4525
1242 2.3317
1243 2.4695
1244 2.2577
1245 2.7249
1246 2.8735
1247 3.611
1248 2.8761
1249 3.5521
1250 2.6025
1251 3.2455
1252 2.7296
1253 2.4965
1254 2.7523
1255 2.3572
1256 3.0942
1257 2.7359
1258 3.5237
1259 2.4785
1260 3.1384
1261 2.7511
1262 2.7503
1263 2.7436
1264 2.4784
1265 3.1371
1266 2.547
1267 2.6257
1268 2.4842
1269 2.5563
1270 2.2787
1271 2.5975
1272 2.1856
1273 2.5324
1274 2.5978
1275 3.5815
1276 4.0532
1277 3.1159
1278 2.7845
1279 2.7929
1280 3.1195
1281 4.0397
1282 3.5123
1283 3.3041
1284 2.6229
1285 2.9017
1286 2.8792
1287 3.6252
1288 3.0499
1289 2.7332
1290 2.7214
1291 3.0493
1292 4.0424
1293 2.3388
1294 2.8683
1295 2.5429
1296 3.1138
1297 2.2041
1298 2.8696
1299 2.7825
1300 2.3358
1301 2.8011
1302 3.1332
1303 2.5468
1304 2.759
1305 2.3475
1306 2.6191
1307 2.2634
1308 2.4674
1309 2.7354
1310 2.7425
1311 3.2788
1312 3.0794
1313 3.0961
1314 2.7115
1315 3.047
1316 2.522
1317 2.7337
1318 2.4831
1319 2.5346
1320 3.0053
1321 2.8982
1322 3.1719
1323 2.5301
1324 2.8674
1325 2.7927
1326 3.0059
1327 3.0093
1328 2.4585
1329 2.7933
1330 2.7309
1331 4.0664
1332 3.5987
1333 2.5928
1334 3.1332
1335 2.7959
1336 4.0606
1337 3.5327
1338 2.872
1339 3.1331
1340 3.122
1341 4.6556
1342 2.3449
1343 3.1395
1344 2.4688
1345 3.535
1346 2.2029
1347 2.8096
1348 2.8713
1349 2.273
1350 3.1071
1351 3.1388
1352 4.0478
1353 2.7329
1354 3.5175
1355 2.8545
1356 4.6457
1357 3.0748
1358 4.6885
1359 3.0117
1360 4.6448
1361 2.8865
1362 3.0187
1363 2.9717
1364 2.702
1365 4.0535
1366 3.0089
1367 2.4626
1368 3.5525
1369 2.5292
1370 4.039
1371 2.3401
1372 2.8742
1373 3.0675
1374 2.3142
1375 3.5583
1376 3.2317
1377 2.8853
1378 2.7472
1379 2.7277
1380 2.7359
1381 4.0714
1382 2.7602
1383 2.5963
1384 2.6106
1385 3.099
1386 2.5362
1387 2.5909
1388 2.2728
1389 2.5176
1390 2.2079
1391 2.588
1392 2.2548
1393 2.5565
1394 2.6162
1395 2.3329
1396 2.7425
1397 2.2733
1398 2.4801
1399 2.3338
1400 2.4601
1401 2.7176
1402 2.2552
1403 2.3182
1404 2.1244
1405 2.2858
1406 2.1295
1407 2.3548
1408 2.2172
1409 2.3964
1410 2.2826
1411 2.3885
1412 2.7147
1413 2.072
1414 2.3263
1415 2.0649
1416 2.2611
1417 2.1228
1418 2.5365
1419 2.4686
1420 2.1235
1421 2.3386
1422 2.4513
1423 2.3607
1424 2.7218
1425 2.2632
1426 2.5841
1427 2.3448
1428 2.4456
1429 2.7218
1430 2.5382
1431 3.1553
1432 2.8894
1433 3.0874
1434 2.5552
1435 2.8729
1436 2.4913
1437 2.7635
1438 2.5581
1439 2.5537
1440 3.039
1441 2.8022
1442 3.1194
1443 2.4627
1444 2.8066
1445 2.861
1446 3.0034
1447 3.0156
1448 2.5296
1449 2.8779
1450 2.7293
1451 2.541
1452 2.4762
1453 2.1353
1454 2.3903
1455 2.071
1456 2.5281
1457 2.4544
1458 2.5425
1459 2.5263
1460 2.4881
1461 3.034
1462 2.0777
1463 2.4892
1464 2.0147
1465 2.483
1466 2.1388
1467 2.4493
1468 2.5272
1469 2.0739
1470 2.5285
1471 2.466
1472 2.7051
1473 2.2503
1474 2.6489
1475 2.1321
1476 2.8378
1477 2.7249
1478 3.514
1479 2.4604
1480 3.1387
1481 2.6565
1482 2.574
1483 2.5586
1484 2.4442
1485 3.107
1486 2.3487
1487 2.2141
1488 2.7628
1489 2.082
1490 2.8277
1491 2.2691
1492 2.5236
1493 2.7279
1494 2.1264
1495 2.8452
1496 2.5938
1497 2.7411
1498 2.4758
1499 2.4612
1500 2.4728
1501 3.1593
1502 2.279
1503 2.5295
1504 2.542
1505 2.724
1506 2.35
1507 2.3207
1508 2.8272
1509 2.194
1510 2.7622
1511 2.2147
1512 2.7471
1513 2.8905
1514 2.2855
1515 2.2781
1516 2.3477
1517 2.1473
1518 2.2875
1519 2.3481
1520 2.1444
1521 2.7572
1522 2.1475
1523 2.6925
1524 2.8915
1525 2.2001
1526 2.2047
1527 2.1275
1528 2.1977
1529 2.1978
1530 2.8487
1531 2.7818
1532 2.1436
1533 2.2085
1534 2.7579
1535 3.542
1536 3.1425
1537 2.4696
1538 2.7096
1539 2.7133
1540 3.494
1541 3.1091
1542 3.1017
1543 2.8413
1544 3.4998
1545 4.6231
1546 2.2572
1547 2.7904
1548 2.4558
1549 3.112
1550 2.1905
1551 3.1135
1552 3.1097
1553 2.3267
1554 2.8469
1555 3.5353
1556 3.0691
1557 2.4059
1558 2.6689
1559 2.6687
1560 3.5367
1561 2.3439
1562 2.8799
1563 2.5639
1564 3.148
1565 2.1412
1566 2.5484
1567 2.482
1568 2.2638
1569 2.7214
1570 2.7404
1571 2.1934
1572 2.7474
1573 2.401
1574 3.1446
1575 2.1279
1576 3.0405
1577 3.1071
1578 2.2728
1579 2.8842
1580 3.5387
1581 2.2084
1582 2.338
1583 2.2752
1584 2.3161
1585 2.8061
1586 2.4433
1587 2.2582
1588 2.1954
1589 3.1132
1590 2.314
1591 2.4514
1592 2.3238
1593 2.3197
1594 2.1984
1595 2.1944
1596 2.4528
1597 2.3146
1598 2.8637
1599 2.327
1600 2.7392
1601 3.0598
1602 2.1887
1603 2.2517
1604 2.0741
1605 2.3181
1606 2.197
1607 2.8202
1608 2.8698
1609 2.068
1610 2.355
1611 2.7526
1612 2.5439
1613 2.4694
1614 2.4067
1615 2.2693
1616 2.7526
1617 2.8954
1618 3.1624
1619 2.5591
1620 2.8998
1621 2.758
1622 2.7163
1623 2.7205
1624 2.3919
1625 2.7348
1626 2.4478
1627 2.3226
1628 2.4647
1629 2.1244
1630 2.5748
1631 2.3195
1632 2.8892
1633 3.0809
1634 2.1264
1635 2.5946
1636 2.8718
1637 2.801
1638 2.6015
1639 2.6022
1640 2.465
1641 2.8136
1642 2.3406
1643 2.6252
1644 2.606
1645 3.0611
1646 2.3386
1647 3.529
1648 2.5215
1649 3.0235
1650 2.7284
1651 4.0085
1652 2.3227
1653 3.1061
1654 2.4672
1655 3.5032
1656 2.1265
1657 2.4699
1658 2.5319
1659 2.1812
1660 3.0539
1661 2.715
1662 2.3107
1663 3.1092
1664 2.4405
1665 3.6102
1666 2.2864
1667 3.1533
1668 3.2929
1669 2.3357
1670 3.2877
1671 3.549
1672 2.1999
1673 2.2628
1674 2.3309
1675 2.2476
1676 3.1185
1677 2.4508
1678 2.2049
1679 2.2722
1680 3.1097
1681 2.3341
1682 2.4713
1683 3.5555
1684 2.5341
1685 4.0873
1686 2.2705
1687 2.5263
1688 2.7285
1689 2.2716
1690 3.5822
1691 2.8687
1692 2.8595
1693 2.7197
1694 2.74
1695 2.7049
1696 4.0659
1697 2.738
1698 2.5028
1699 2.5286
1700 2.7414
1701 2.4826
1702 2.3188
1703 2.3193
1704 2.5167
1705 2.3365
1706 3.5911
1707 2.5985
1708 2.2663
1709 2.4679
1710 3.2739
1711 2.4663
1712 2.6048
1713 2.6143
1714 2.5365
1715 2.5485
1716 2.484
1717 2.4602
1718 2.4588
1719 2.5498
1720 2.3512
1721 2.4852
1722 2.3432
1723 2.5513
1724 2.3452
1725 2.35
1726 2.4718
1727 3.6387
1728 2.6144
1729 3.5766
1730 3.2907
1731 3.6416
1732 2.8896
1733 2.8812
1734 2.6084
1735 2.6087
1736 2.5456
1737 2.2862
1738 2.6377
1739 2.2054
1740 2.5569
1741 2.8064
1742 4.075
1743 3.1287
1744 4.0512
1745 2.7761
1746 3.1378
1747 2.7552
1748 2.3334
1749 2.8185
1750 2.2097
1751 2.8862
1752 3.0558
1753 4.0635
1754 2.7311
1755 3.0998
1756 3.1383
1757 2.8525
1758 2.5416
1759 2.7986
1760 3.1679
1761 2.3321
1762 2.2481
1763 2.3255
1764 2.1203
1765 2.2575
1766 2.3331
1767 2.3266
1768 2.2673
1769 2.123
1770 2.574
1771 2.5736
1772 2.5069
1773 2.2004
1774 2.5781
1775 2.2655
1776 2.5404
1777 2.47
1778 2.7303
1779 2.2706
1780 2.7324
1781 2.3186
1782 2.4825
1783 2.4167
1784 2.0823
1785 2.4795
1786 2.1461
1787 2.5485
1788 2.2095
1789 2.7476
1790 2.2582
1791 2.4123
1792 2.2763
1793 2.3415
1794 2.0802
1795 2.3237
1796 2.4582
1797 2.1371
1798 2.3252
1799 2.3435
1800 2.2574
1801 2.2744
1802 2.3428
1803 2.1342
1804 2.282
1805 2.486
1806 3.5538
1807 3.0845
1808 3.4708
1809 2.6934
1810 2.6966
1811 2.3846
1812 2.3397
1813 2.4573
1814 2.1437
1815 2.5295
1816 3.0345
1817 3.4855
1818 2.6781
1819 2.6809
1820 3.1422
1821 2.8711
1822 2.5365
1823 2.7406
1824 2.7201
1825 2.2567
1826 2.777
1827 2.8472
1828 2.1907
1829 2.8492
1830 2.192
1831 2.756
1832 2.7524
1833 2.2112
1834 2.8196
1835 2.1946
1836 2.8908
1837 2.1251
1838 2.8519
1839 2.1152
1840 2.6646
1841 2.1924
1842 2.1999
1843 2.1445
1844 2.1825
1845 2.6987
1846 2.1306
1847 3.1291
1848 2.2682
1849 3.1228
1850 2.211
1851 3.129
1852 3.1353
1853 4.6693
1854 2.8754
1855 3.5364
1856 3.2005
1857 2.8487
1858 2.4797
1859 2.9173
1860 3.5578
1861 2.327
1862 2.1967
1863 3.1284
1864 2.1351
1865 3.0544
1866 2.2572
1867 2.1857
1868 2.3315
1869 2.1975
1870 3.1355
1871 2.2583
1872 3.1286
1873 2.7269
1874 2.3872
1875 2.8629
1876 3.5062
1877 2.2517
1878 2.8096
1879 2.4623
1880 2.3356
1881 2.3248
1882 3.2597
1883 2.5891
1884 2.8647
1885 2.8713
1886 3.5896
1887 3.2507
1888 3.5481
1889 2.6421
1890 2.5402
1891 3.1002
1892 2.7197
1893 3.1722
1894 3.0845
1895 3.1773
1896 2.7582
1897 2.3398
1898 2.7522
1899 2.4903
1900 2.7483
1901 2.4941
1902 2.267
1903 2.457
1904 2.73
1905 2.7102
1906 2.7336
1907 2.7321
1908 2.7274
1909 3.0724
1910 2.7416
1911 2.3444
1912 3.1147
1913 3.5135
1914 2.451
1915 3.1446
1916 2.529
1917 2.4636
1918 2.5393
1919 3.0367
1920 2.7398
1921 3.2693
1922 3.0557
1923 3.1376
1924 2.7286
1925 2.5986
1926 4.097
1927 3.6267
1928 4.0984
1929 3.1588
1930 2.7929
1931 2.7424
1932 3.0778
1933 2.9907
1934 2.8763
1935 3.0121
1936 4.0728
1937 4.6556
1938 3.5284
1939 2.8432
1940 4.6042
1941 4.6104
1942 2.933
1943 4.0269
1944 3.003
1945 2.6804
1946 2.5728
1947 2.7169
1948 2.3329
1949 2.7303
1950 2.2618
1951 2.4691
1952 2.7358
1953 2.8691
1954 2.9839
1955 2.7949
1956 2.9789
1957 2.5175
1958 2.9757
1959 2.4577
1960 2.532
1961 2.8583
1962 3.1409
1963 2.54
1964 2.7972
1965 2.7431
1966 2.471
1967 2.8838
1968 2.3417
1969 2.8873
1970 2.2063
1971 2.8294
1972 3.5284
1973 4.6457
1974 3.1321
1975 3.1272
1976 3.5253
1977 3.0732
1978 2.4524
1979 3.0648
1980 3.1114
1981 2.2511
1982 2.4483
1983 3.0446
1984 2.317
1985 2.8472
1986 2.7134
1987 2.8443
1988 2.7134
1989 2.5933
1990 3.0517
1991 2.5846
1992 4.1163
1993 3.5772
1994 2.5283
1995 3.5956
1996 3.2604
1997 2.33
1998 4.0738
1999 2.7344
2000 2.7008
2001 2.5163
2002 2.339
2003 2.8727
2004 2.527
2005 3.1296
2006 2.8612
2007 3.0299
2008 2.5137
2009 2.1162
2010 2.5255
2011 2.4512
2012 2.5393
2013 2.3927
2014 2.0791
2015 2.2722
2016 2.7316
2017 2.5419
2018 2.6476
2019 2.5202
2020 2.7303
2021 2.8691
2022 2.6627
2023 2.132
2024 3.1545
2025 3.5387
2026 2.4722
2027 3.0833
2028 2.3498
2029 2.4214
2030 2.5921
2031 2.7183
2032 2.2712
2033 2.7169
2034 2.3251
2035 2.4621
2036 2.707
2037 2.8051
2038 2.9755
2039 2.8791
2040 2.9738
2041 2.4738
2042 2.9826
2043 2.5175
2044 2.5215
2045 2.7822
2046 3.1121
2047 2.4391
2048 2.8565
2049 2.7461
2050 2.5105
2051 2.5522
2052 2.0567
2053 2.5167
2054 2.1339
2055 2.4484
2056 2.4637
2057 2.9967
2058 2.5024
2059 2.4467
2060 2.4223
2061 2.4298
2062 1.9886
2063 2.5489
2064 2.4768
2065 2.0798
2066 2.2014
2067 2.7355
2068 2.2633
2069 2.5386
2070 2.4516
2071 2.7331
2072 2.4684
2073 2.5138
2074 2.7477
2075 2.53
2076 2.8367
2077 2.7666
2078 2.0846
2079 2.8947
2080 2.5843
2081 2.1428
2082 3.1243
2083 2.2533
2084 2.455
2085 2.3311
2086 2.3265
2087 2.4619
2088 2.3277
2089 2.4659
2090 2.1851
2091 2.2001
2092 2.4565
2093 2.8424
2094 2.7379
2095 2.7159
2096 2.7068
2097 2.5451
2098 2.7476
2099 2.4021
2100 2.2803
2101 2.8479
2102 3.1206
2103 2.5341
2104 2.7103
2105 2.4491
2106 2.3832
2107 2.537
2108 2.3356
2109 2.5339
2110 2.1323
2111 2.4672
2112 3.5334
2113 4.0677
2114 3.0616
2115 2.718
2116 3.5399
2117 3.1182
2118 2.4628
2119 3.0519
2120 2.7346
2121 2.1924
2122 2.4706
2123 2.7232
2124 2.26
2125 2.5211
2126 2.7188
2127 2.8568
2128 2.7196
2129 2.5133
2130 2.7307
2131 2.5269
2132 4.0988
2133 3.5578
2134 2.5868
2135 3.5321
2136 2.8381
2137 2.2522
2138 4.0471
2139 2.7016
2140 2.7357
2141 2.4631
2142 2.8658
2143 2.1917
2144 2.8625
2145 2.1885
2146 2.7969
2147 2.3301
2148 3.0319
2149 2.3352
2150 2.7036
2151 2.3295
2152 2.2801
2153 2.0777
2154 2.3265
2155 2.7381
2156 2.0639
2157 2.3407
2158 3.0696
2159 2.3298
2160 2.8334
2161 2.573
2162 2.8005
2163 2.5916
2164 2.5752
2165 3.0157
2166 2.5998
2167 2.6111
2168 2.4799
2169 2.1446
2170 2.6079
2171 2.8717
2172 2.1567
2173 2.8111
2174 2.3236
2175 2.4621
2176 2.3483
2177 2.3163
2178 3.3028
2179 2.2658
2180 3.1704
2181 2.3426
2182 2.1943
2183 2.2736
2184 2.2642
2185 3.1352
2186 2.197
2187 3.573
2188 3.1098
2189 2.4625
2190 3.2905
2191 3.5796
2192 2.3329
2193 3.146
2194 2.4499
2195 2.2496
2196 2.326
2197 2.5373
2198 2.3332
2199 2.336
2200 2.4749
2201 3.2859
2202 2.2564
2203 2.5998
2204 2.5288
2205 2.6019
2206 2.4459
2207 3.6562
2208 2.6242
2209 2.3323
2210 2.4651
2211 2.5254
2212 2.4915
2213 2.4857
2214 2.3542
2215 2.3334
2216 2.5345
2217 2.3328
2218 2.468
2219 2.3181
2220 2.4658
2221 2.5276
2222 2.3127
2223 2.3129
2224 2.3045
2225 2.3381
2226 2.4421
2227 2.3134
2228 2.5147
2229 2.3284
2230 2.4496
2231 2.3358
2232 2.3355
2233 2.1911
2234 2.1999
2235 2.1845
2236 2.2073
2237 2.4497
2238 2.2165
2239 2.4817
2240 2.2207
2241 2.1961
2242 2.2097
2243 2.4902
2244 2.2177
2245 2.2114
2246 2.2117
2247 2.2135
2248 2.4994
2249 2.5565
2250 2.3567
2251 2.4946
2252 2.3581
2253 2.3563
2254 2.5017
2255 2.6165
2256 3.5816
2257 3.2597
2258 3.5136
2259 2.872
2260 2.8353
2261 2.438
2262 2.5618
2263 2.5064
2264 2.3491
2265 2.7757
2266 3.1446
2267 3.5502
2268 2.7176
2269 2.7179
2270 3.1305
2271 3.045
2272 2.7114
2273 2.7323
2274 2.7608
2275 2.4727
2276 2.6066
2277 2.6112
2278 2.2742
2279 2.547
2280 2.1917
2281 2.518
2282 2.4487
2283 2.3125
2284 2.4487
2285 2.2498
2286 2.7095
2287 2.1457
2288 2.5519
2289 2.0758
2290 2.4199
2291 2.1403
2292 2.34
2293 2.2486
2294 2.0767
2295 2.39
2296 2.1929
2297 2.8043
2298 2.3319
2299 2.7411
2300 2.1993
2301 2.8455
2302 3.1343
2303 4.0569
2304 2.8083
2305 3.1239
2306 3.0658
2307 2.8674
2308 2.5138
2309 2.7428
2310 3.043
2311 2.3269
2312 2.1883
2313 2.6969
2314 2.0591
2315 2.6956
2316 2.1901
2317 2.3407
2318 2.4626
2319 2.0634
2320 2.7105
2321 2.3427
2322 3.0726
2323 2.7475
2324 2.4042
2325 2.7249
2326 3.0784
2327 2.2011
2328 2.7281
2329 2.4086
2330 2.4687
2331 2.2186
2332 2.4554
2333 2.5923
2334 2.2623
2335 2.5884
2336 2.2061
2337 2.5239
2338 2.546
2339 2.3354
2340 2.4583
2341 2.5345
2342 2.3256
2343 2.4702
2344 2.3268
2345 2.1368
2346 2.4699
2347 2.0822
2348 2.402
2349 2.5724
2350 2.3676
2351 2.3517
2352 2.3019
2353 2.151
2354 2.3056
2355 2.7982
2356 2.4718
2357 2.183
2358 2.0732
2359 2.4098
2360 3.5898
2361 3.2492
2362 2.5794
2363 2.8378
2364 2.8613
2365 3.5052
2366 3.1034
2367 2.7973
2368 2.7885
2369 3.1145
2370 4.035
2371 2.3363
2372 2.8571
2373 2.5409
2374 3.0609
2375 2.2118
2376 2.8721
2377 2.7216
2378 2.3377
2379 2.7236
2380 3.0791
2381 3.1471
2382 2.4684
2383 2.743
2384 2.742
2385 3.5497
2386 2.55
2387 3.1017
2388 2.7474
2389 3.189
2390 2.3434
2391 2.7478
2392 2.4826
2393 2.4858
2394 2.7548
2395 2.751
2396 2.2165
2397 2.7566
2398 2.3884
2399 3.0369
2400 2.0635
2401 2.7382
2402 2.7327
2403 2.1919
2404 2.7243
2405 3.0365
2406 2.3385
2407 2.4727
2408 2.1999
2409 2.4433
2410 2.7533
2411 2.4128
2412 2.352
2413 2.0903
2414 2.7732
2415 2.2116
2416 2.5338
2417 2.4852
2418 2.4787
2419 2.3488
2420 2.3414
2421 2.4772
2422 2.3483
2423 2.584
2424 2.2544
2425 2.4573
2426 2.7166
2427 2.257
2428 2.3236
2429 2.111
2430 2.2656
2431 2.1907
2432 2.57
2433 2.5189
2434 2.0506
2435 2.1771
2436 2.3956
2437 2.568
2438 2.5084
2439 2.4332
2440 2.3202
2441 2.7534
2442 3.2556
2443 3.5809
2444 2.864
2445 2.8837
2446 3.1155
2447 3.0603
2448 2.7298
2449 2.7195
2450 2.719
2451 2.4648
2452 2.3297
2453 2.4716
2454 2.1264
2455 2.542
2456 2.2695
2457 2.5964
2458 2.7395
2459 2.0558
2460 2.4444
2461 2.5338
2462 3.1295
2463 2.87
2464 2.5317
2465 2.7386
2466 2.7328
2467 2.2623
2468 2.8051
2469 2.4632
2470 2.7322
2471 2.2084
2472 3.6346
2473 2.6064
2474 3.1728
2475 2.8063
2476 4.1121
2477 2.4618
2478 3.2826
2479 2.6151
2480 3.5487
2481 2.264
2482 2.5894
2483 2.536
2484 2.3456
2485 3.052
2486 2.7422
2487 2.3411
2488 3.1247
2489 2.4784
2490 3.5261
2491 2.1967
2492 2.8005
2493 2.8622
2494 2.2703
2495 3.1589
2496 3.1544
2497 2.2437
2498 2.2998
2499 2.2372
2500 2.3463
2501 3.1063
2502 2.4119
2503 2.1966
2504 2.1451
2505 2.7285
2506 2.2166
2507 2.5384
2508 3.6236
2509 2.6151
2510 4.0922
2511 2.3527
2512 2.6176
2513 2.7532
2514 2.3418
2515 3.5747
2516 2.8811
2517 3.2756
2518 3.0704
2519 2.7136
2520 3.0275
2521 4.0415
2522 2.7098
2523 2.8333
2524 2.5161
2525 2.7438
2526 2.4704
2527 2.3441
2528 2.3439
2529 2.4757
2530 2.3382
2531 3.5195
2532 2.5427
2533 2.1891
2534 2.3215
2535 2.8652
2536 2.341
2537 2.8315
2538 2.5391
2539 2.4692
2540 2.4763
2541 2.3389
2542 2.4556
2543 3.2704
2544 2.622
2545 3.6157
2546 2.8789
2547 3.5388
2548 2.8716
2549 2.2801
2550 2.6024
2551 2.5973
2552 2.5375
2553 2.5249
2554 2.205
2555 2.3358
2556 3.1327
2557 2.5514
2558 3.0648
2559 2.8673
2560 2.8083
2561 2.8804
2562 2.7468
2563 2.2208
2564 3.152
2565 4.0942
2566 2.8244
2567 3.0808
2568 2.3538
2569 2.7237
2570 2.4604
2571 2.5308
2572 2.3403
2573 2.4623
2574 2.3469
2575 2.3553
2576 2.5538
2577 3.151
2578 2.749
2579 3.1447
2580 3.0884
2581 2.4755
2582 2.7304
2583 2.4648
2584 2.3193
2585 2.7438
2586 3.5346
2587 2.7106
2588 2.7299
2589 2.4896
2590 2.7059
2591 2.356
2592 2.1277
2593 2.2456
2594 2.1311
2595 2.3197
2596 2.4517
2597 2.7077
2598 2.4574
2599 2.251
2600 2.4049
2601 2.5424
2602 2.0819
2603 2.4044
2604 2.2133
2605 2.0814
2606 2.2146
2607 2.476
2608 2.213
2609 2.3423
2610 2.4196
2611 3.1026
2612 2.7515
2613 2.4006
2614 2.4544
2615 2.7609
2616 2.7312
2617 2.7409
2618 2.0797
2619 2.7507
2620 2.3628
2621 2.0821
2622 3.0784
2623 2.2134
2624 2.7447
2625 2.2066
2626 2.4612
2627 2.5316
2628 2.467
2629 2.4674
2630 2.3312
2631 2.3322
2632 2.5495
2633 3.2961
2634 2.7504
2635 3.158
2636 3.0925
2637 2.5886
2638 2.7301
2639 2.4534
2640 2.34
2641 2.8671
2642 3.6017
2643 2.8762
2644 2.7421
2645 2.4757
2646 2.7432
2647 2.6003
2648 2.4695
2649 2.5273
2650 2.2695
2651 2.5909
2652 3.5808
2653 4.0449
2654 3.1117
2655 2.8198
2656 3.5152
2657 3.24
2658 2.6068
2659 3.0474
2660 2.7521
2661 2.3503
2662 2.5331
2663 2.7355
2664 2.3364
2665 2.6085
2666 2.7133
2667 3.2509
2668 3.0466
2669 2.5182
2670 2.7101
2671 2.8515
2672 4.0807
2673 3.6119
2674 2.6036
2675 3.55
2676 2.8724
2677 2.3227
2678 4.0598
2679 2.7206
2680 3.0593
2681 2.4605
2682 2.5883
2683 2.2525
2684 2.5059
2685 2.1963
2686 2.5829
2687 2.3126
2688 2.7031
2689 2.2565
2690 2.4542
2691 2.2555
2692 2.3224
2693 2.1227
2694 2.188
2695 2.3871
2696 2.0635
2697 2.3314
2698 2.7241
2699 2.2638
2700 2.5953
2701 2.5402
2702 3.1647
2703 2.894
2704 2.4639
2705 2.73
2706 2.8283
2707 2.5265
2708 2.4736
2709 2.1326
2710 2.4656
2711 2.517
2712 2.0656
2713 2.7252
2714 2.2823
2715 2.7689
2716 2.2199
2717 2.3419
2718 2.8607
2719 2.2124
2720 2.8087
2721 2.2657
2722 2.2752
2723 2.3397
2724 2.1372
2725 2.7359
2726 2.2112
2727 3.512
2728 3.1223
2729 2.4436
2730 3.1193
2731 3.0912
2732 2.2517
2733 3.0375
2734 2.3966
2735 2.3283
2736 2.1889
2737 2.4544
2738 2.3157
2739 2.3322
2740 2.3562
2741 2.8592
2742 2.2128
2743 2.5422
2744 2.4612
2745 2.8524
2746 2.3257
2747 3.5556
2748 2.5377
2749 2.338
2750 2.3389
2751 2.4579
2752 2.4741
2753 2.4672
2754 2.536
2755 2.3311
2756 2.4713
2757 2.3431
2758 2.4678
2759 3.6318
2760 2.5865
2761 3.5669
2762 3.2858
2763 2.6113
2764 2.6035
2765 2.5282
2766 2.2674
2767 2.8119
2768 4.0762
2769 3.14
2770 2.7325
2771 2.3365
2772 3.0961
2773 2.2777
2774 2.3478
2775 2.1404
2776 2.2929
2777 2.3427
2778 2.6041
2779 2.5912
2780 2.5507
2781 2.2045
2782 2.4731
2783 2.7441
2784 2.2734
2785 2.4067
2786 2.0686
2787 2.207
2788 2.3323
2789 2.3296
2790 2.2688
2791 2.2633
2792 2.4684
2793 3.56
2794 3.1506
2795 2.3834
2796 2.3159
2797 3.0736
2798 2.7926
2799 2.8653
2800 2.1969
2801 2.7627
2802 2.1988
2803 2.1389
2804 3.1581
2805 2.2676
2806 3.1282
2807 2.2069
2808 3.2668
2809 2.5894
2810 2.869
2811 2.8615
2812 3.6073
2813 2.5303
2814 3.0791
2815 2.7391
2816 3.1335
2817 2.3338
2818 2.7244
2819 2.4679
2820 2.4521
2821 2.7427
2822 2.7077
2823 2.5571
2824 3.0983
2825 2.7461
2826 3.2911
2827 2.6023
2828 4.1186
2829 3.6466
2830 2.7394
2831 3.0666
2832 4.0366
2833 2.606
2834 2.7352
2835 2.3362
2836 2.7298
2837 2.854
2838 2.537
2839 2.8682
2840 2.334
2841 3.5187
2842 2.4806
2843 2.3296
2844 2.8547
2845 2.5421
2846 3.11
2847 2.1379
2848 2.5371
2849 2.4622
2850 2.2721
2851 2.7282
2852 2.7545
2853 2.5864
2854 2.7251
2855 2.2589
2856 2.7159
2857 2.7819
2858 2.4656
2859 2.5134
2860 2.0562
2861 2.4757
2862 2.2185
2863 2.3444
2864 2.4733
2865 2.3463
2866 2.4827
2867 2.9065
2868 2.5446
2869 2.5383
2870 2.3345
2871 3.5234
2872 2.4845
2873 2.8563
2874 2.2171
2875 2.3588
2876 2.3616
2877 2.3608
2878 2.48
2879 2.4848
2880 2.3385
2881 2.3261
2882 2.5249
2883 2.4655
2884 2.5381
2885 2.3323
2886 2.3307
2887 2.3578
2888 2.5672
2889 2.35
2890 2.2246
2891 2.2056
2892 2.2168
2893 2.4792
2894 2.5496
2895 2.339
2896 2.4795
2897 2.608
2898 3.5983
2899 3.2853
2900 2.4867
2901 2.5481
2902 3.1509
2903 2.6186
2904 2.6194
2905 2.2644
2906 2.4506
2907 2.3304
2908 2.1262
2909 2.7978
2910 2.3394
2911 3.131
2912 2.2086
2913 2.4695
2914 2.6083
2915 2.2666
2916 2.6039
2917 2.3361
2918 2.4639
2919 2.5298
2920 2.1423
2921 2.4782
2922 2.3278
2923 3.6177
2924 3.2739
2925 2.5999
2926 3.1032
2927 2.799
2928 2.3319
2929 3.1041
2930 2.465
2931 2.5141
2932 2.1877
2933 2.5258
2934 2.4545
2935 2.4551
2936 2.3246
2937 2.593
2938 2.281
2939 2.5946
2940 2.5383
2941 3.2776
2942 2.3368
2943 3.5781
2944 2.6166
2945 2.4824
2946 2.3532
2947 2.5494
2948 2.4461
2949 3.2454
2950 2.5834
2951 3.5749
2952 2.2655
2953 2.6019
2954 2.5925
2955 2.3429
2956 3.1135
2957 2.8248
2958 2.4643
2959 2.5355
2960 2.3392
2961 2.539
2962 3.1399
2963 2.4824
2964 2.3386
2965 2.126
2966 2.458
2967 2.1984
2968 2.4655
2969 2.5339
2970 2.46
2971 2.5297
2972 3.2534
2973 2.6031
2974 2.5839
2975 2.4506
2976 3.6077
2977 2.5531
2978 2.5946
2979 2.271
2980 2.3346
2981 2.3374
2982 2.3562
2983 2.4663
2984 2.4803
2985 2.5446
2986 2.4775
2987 3.6062
2988 2.6075
2989 2.2867
2990 2.3348
2991 2.6023
2992 2.3259
2993 3.2775
2994 2.6332
2995 2.5595
2996 2.5521
2997 2.3283
2998 2.4847
2999 2.4739
3000 2.4696
3001 2.4669
3002 2.4789
3003 2.4689
