1 3.0071
2 4.076
3 3.0566
4 4.4
5 3.2496
6 4.2602
7 3.611
8 4.2843
9 3.2781
10 3.5764
11 3.0904
12 4.0671
13 4.4096
14 3.0639
15 4.3977
16 4.0469
17 4.243
18 3.5814
19 3.2494
20 3.2616
21 3.5932
22 4.2357
23 4.0683
24 4.364
25 3.038
26 3.049
27 4.0286
28 3.2174
29 3.8244
30 3.8489
31 3.7929
32 3.4619
33 3.4681
34 3.1887
35 3.8493
36 3.8641
37 4.3923
38 4.8572
39 3.8645
40 3.1795
41 3.4666
42 3.4641
43 4.7917
44 3.841
45 4.895
46 3.2022
47 4.9142
48 6.205
49 3.8386
50 5.4698
51 3.7998
52 5.4838
53 3.8895
54 6.208
55 4.8882
56 4.294
57 3.2598
58 3.8222
59 3.4654
60 5.4725
61 3.7781
62 5.469
63 3.489
64 3.6447
65 5.5405
66 3.4721
67 4.809
68 3.4692
69 5.4719
70 4.8267
71 3.501
72 3.8321
73 3.492
74 3.4861
75 3.8
76 3.4873
77 3.2805
78 4.248
79 3.194
80 4.8387
81 4.8787
82 3.6209
83 3.879
84 3.8831
85 3.2049
86 3.8422
87 6.205
88 3.8701
89 4.0362
90 3.0848
91 4.4048
92 4.4129
93 4.0806
94 3.071
95 3.6142
96 3.2417
97 4.2802
98 3.6295
99 4.2913
100 3.2731
101 4.4415
102 3.0811
103 4.1143
104 4.094
105 4.4385
106 3.8697
107 4.8848
108 6.1954
109 5.4634
110 5.4606
111 3.779
112 4.8511
113 3.8784
114 6.1608
115 3.0421
116 3.8475
117 3.1696
118 3.8422
119 3.467
120 3.7858
121 3.4832
122 3.9176
123 3.1983
124 3.892
125 3.1853
126 4.8565
127 3.8772
128 4.7966
129 3.4762
130 3.471
131 3.1986
132 3.841
133 4.855
134 3.2815
135 3.63
136 3.4711
137 3.4789
138 3.8245
139 3.4855
140 3.4825
141 3.7984
142 4.2855
143 5.4879
144 3.8084
145 3.4764
146 3.4596
147 3.7961
148 5.466
149 4.8439
150 5.5239
151 3.4432
152 4.7366
153 3.4672
154 5.3884
155 4.2444
156 3.6116
157 3.8424
158 3.8671
159 6.1987
160 3.2723
161 4.8469
162 3.1925
163 4.8632
164 3.1981
165 3.8843
166 3.8967
167 3.0805
168 4.4055
169 4.1295
170 4.3499
171 3.0536
172 3.8238
173 3.1684
174 4.8235
175 3.4425
176 4.7511
177 3.4395
178 4.8201
179 3.1877
180 3.8529
181 4.0938
182 6.2102
183 3.9242
184 4.9307
185 3.8298
186 5.528
187 5.5682
188 6.2825
189 4.9472
190 3.858
191 3.8473
192 3.8719
193 3.2205
194 3.4831
195 3.4793
196 3.7737
197 3.891
198 3.903
199 3.2216
200 3.6275
201 4.257
202 3.4886
203 4.8163
204 5.4587
205 5.4484
206 4.7974
207 3.4596
208 3.2783
209 3.8069
210 3.4473
211 3.4647
212 3.7606
213 3.4593
214 3.4619
215 3.461
216 5.4381
217 3.7773
218 5.4344
219 3.44
220 3.8365
221 3.6129
222 3.2704
223 3.8842
224 3.2004
225 3.8912
226 4.2744
227 6.2212
228 3.8634
229 3.9045
230 4.8906
231 4.8552
232 3.2146
233 4.3852
234 4.0521
235 3.0732
236 2.9933
237 4.0569
238 3.0685
239 4.3867
240 3.2718
241 4.2507
242 3.5882
243 4.2655
244 3.2584
245 3.5846
246 3.0387
247 4.3875
248 4.0566
249 4.2463
250 3.6051
251 3.2401
252 3.296
253 3.5772
254 4.3079
255 3.0593
256 4.0804
257 3.211
258 3.8824
259 3.8357
260 3.7734
261 3.4428
262 3.4733
263 4.4319
264 4.9129
265 3.8513
266 3.211
267 3.4543
268 3.4759
269 4.7853
270 4.8653
271 6.1854
272 3.872
273 5.3893
274 3.7845
275 5.4853
276 4.2936
277 3.2796
278 3.8151
279 3.4994
280 5.519
281 3.6332
282 5.5189
283 3.496
284 4.7744
285 3.5011
286 3.8288
287 3.4552
288 3.2971
289 4.2894
290 3.5604
291 4.3847
292 4.0625
293 3.0984
294 3.5946
295 3.2881
296 4.2364
297 3.6262
298 4.2979
299 3.2731
300 4.0834
301 4.3914
302 3.8978
303 4.8542
304 6.246
305 5.4626
306 5.488
307 3.8238
308 3.0665
309 3.8848
310 3.2079
311 3.8891
312 3.472
313 3.7606
314 3.4515
315 3.2083
316 4.929
317 3.9029
318 4.8659
319 3.4846
320 3.485
321 3.2764
322 3.6031
323 3.4861
324 3.4567
325 3.8125
326 4.2621
327 5.4679
328 3.7838
329 3.4699
330 4.7594
331 5.5256
332 3.5085
333 4.2344
334 3.5976
335 3.3109
336 4.3981
337 3.0417
338 3.8685
339 3.2137
340 4.8682
341 3.4761
342 4.8009
343 3.468
344 4.0321
345 6.1903
346 3.8681
347 4.8814
348 3.7956
349 5.4803
350 5.4531
351 3.8647
352 3.8718
353 3.2161
354 3.4675
355 3.4638
356 3.7833
357 3.5702
358 4.2177
359 3.4637
360 4.7636
361 5.412
362 3.2872
363 3.8066
364 3.4731
365 3.4635
366 3.5009
367 5.4947
368 3.8192
369 3.6169
370 3.2889
371 4.2759
372 3.0033
373 4.0809
374 3.0675
375 4.4152
376 3.2908
377 4.2763
378 3.6173
379 3.0715
380 4.4489
381 4.1011
382 4.3209
383 3.6273
384 3.2843
385 3.0733
386 4.0409
387 3.2105
388 3.8391
389 3.8685
390 4.3931
391 4.8714
392 3.8544
393 3.2303
394 4.8437
395 6.1363
396 3.8625
397 4.3261
398 3.2882
399 3.5911
400 4.3659
401 4.0473
402 3.0402
403 3.5916
404 3.2498
405 4.2324
406 4.0687
407 4.4147
408 3.8679
409 4.8345
410 6.2267
411 3.0596
412 3.8608
413 3.1669
414 3.8773
415 3.2114
416 4.8904
417 3.8863
418 3.2499
419 3.6028
420 4.2288
421 4.4239
422 3.0937
423 3.8907
424 3.2098
425 4.9064
426 4.0977
427 6.2503
428 3.8835
429 4.922
430 3.9038
431 3.893
432 3.234
433 3.5793
434 4.3298
435 3.2931
436 3.0126
437 4.1158
438 3.0837
439 4.4652
440 3.0711
441 4.3937
442 4.0773
443 3.0835
444 4.0914
445 4.3759
446 4.4462
447 4.0948
448 3.0671
449 4.1137
450 4.4292
451 3.0763
452 4.4263
453 3.0558
454 4.0486
455 3.0025
