1 5.14324
2 5.83052
3 5.18286
4 6.06915
5 5.29935
6 5.97588
7 5.51918
8 5.98689
9 5.31817
10 5.51653
11 5.17559
12 5.84299
13 6.05547
14 5.20089
15 6.07404
16 5.86262
17 5.98109
18 5.53644
19 5.33399
20 5.32624
21 5.54048
22 5.98099
23 5.81285
24 6.06241
25 5.15018
26 5.2146
27 5.83304
28 5.27773
29 5.71828
30 5.69093
31 5.68248
32 5.4552
33 5.45147
34 5.2932
35 5.70956
36 5.7103
37 6.06118
38 6.37236
39 5.73611
40 5.27392
41 5.45456
42 5.45549
43 6.33012
44 5.67949
45 6.33735
46 5.26978
47 6.3611
48 7.28192
49 5.70578
50 6.76516
51 5.65458
52 6.74541
53 5.72784
54 7.24346
55 6.3654
56 5.97869
57 5.29173
58 5.65817
59 5.44157
60 6.76308
61 5.66934
62 6.72602
63 5.43933
64 5.55553
65 6.78146
66 5.44216
67 6.3473
68 5.44823
69 6.75853
70 6.31536
71 5.45539
72 5.65735
73 5.43259
74 5.46145
75 5.66727
76 5.46567
77 5.32775
78 5.9754
79 5.28408
80 6.36513
81 6.37663
82 5.57249
83 5.72702
84 5.68468
85 5.26593
86 5.70371
87 7.23408
88 5.69339
89 5.83312
90 5.188
91 6.04763
92 6.04321
93 5.84624
94 5.17256
95 5.5206
96 5.30543
97 5.97128
98 5.52013
99 5.97798
100 5.29262
101 6.05135
102 5.16825
103 5.81055
104 5.82161
105 6.05147
106 5.70584
107 6.38405
108 7.22146
109 6.7504
110 6.75483
111 5.6785
112 6.36698
113 5.70596
114 7.22797
115 5.18822
116 5.69651
117 5.26059
118 5.70789
119 5.46512
120 5.68693
121 5.45129
122 5.70876
123 5.30044
124 5.6826
125 5.26683
126 6.35733
127 5.71806
128 6.3002
129 5.42498
130 5.43079
131 5.26965
132 5.72819
133 6.38248
134 5.32987
135 5.53472
136 5.44165
137 5.46469
138 5.65461
139 5.4418
140 5.42954
141 5.67809
142 5.98134
143 6.73402
144 5.64756
145 5.46201
146 5.44569
147 5.66742
148 6.75454
149 6.30118
150 6.7349
151 5.46369
152 6.33577
153 5.45072
154 6.74584
155 5.97687
156 5.52084
157 5.70647
158 5.70834
159 7.25299
160 5.30622
161 6.39105
162 5.28236
163 6.35597
164 5.27557
165 5.6935
166 5.69587
167 5.17101
168 6.07089
169 5.84226
170 6.04459
171 5.20525
172 5.71738
173 5.27128
174 6.36073
175 5.43607
176 6.31548
177 5.43453
178 6.36871
179 5.28852
180 5.73014
181 5.8781
182 7.27062
183 5.7138
184 6.34186
185 5.68128
186 6.77227
187 6.76625
188 7.23343
189 6.34715
190 5.71302
191 5.71696
192 5.67631
193 5.27002
194 5.45014
195 5.476
196 5.67355
197 5.71324
198 5.70889
199 5.26262
200 5.54361
201 5.97387
202 5.47522
203 6.3055
204 6.75443
205 6.76777
206 6.31023
207 5.46892
208 5.3235
209 5.68095
210 5.46386
211 5.46132
212 5.65729
213 5.43293
214 5.44368
215 5.45028
216 6.76626
217 5.63243
218 6.75301
219 5.44852
220 5.66332
221 5.53921
222 5.3328
223 5.71339
224 5.30002
225 5.71581
226 5.96574
227 7.23268
228 5.71585
229 5.70965
230 6.35578
231 6.34622
232 5.25891
233 6.05652
234 5.85505
235 5.1696
236 5.12393
237 5.82277
238 5.18651
239 6.06039
240 5.3135
241 5.97995
242 5.5343
243 5.96296
244 5.31203
245 5.53725
246 5.19905
247 6.05736
248 5.83839
249 5.98545
250 5.54088
251 5.33839
252 5.31923
253 5.53685
254 5.97502
255 5.17421
256 5.85047
257 5.28661
258 5.70768
259 5.68633
260 5.6628
261 5.46855
262 5.45124
263 6.03422
264 6.35075
265 5.70844
266 5.26712
267 5.44343
268 5.47344
269 6.31106
270 6.3821
271 7.21698
272 5.73176
273 6.76653
274 5.68167
275 6.76525
276 5.97901
277 5.31079
278 5.68396
279 5.4732
280 6.76543
281 5.50434
282 6.78138
283 5.44048
284 6.31658
285 5.43471
286 5.67596
287 5.42745
288 5.31688
289 5.97186
290 5.55337
291 6.05244
292 5.84872
293 5.19483
294 5.55045
295 5.30856
296 5.97392
297 5.5248
298 5.9661
299 5.33788
300 5.85598
301 6.04924
302 5.70488
303 6.38019
304 7.2145
305 6.73931
306 6.77916
307 5.64937
308 5.18295
309 5.72469
310 5.2425
311 5.70611
312 5.45976
313 5.68519
314 5.44806
315 5.26109
316 6.39339
317 5.73122
318 6.32682
319 5.45939
320 5.44158
321 5.32554
322 5.52501
323 5.40952
324 5.44599
325 5.66071
326 5.97332
327 6.75932
328 5.67539
329 5.45869
330 6.30226
331 6.74053
332 5.43866
333 5.9648
334 5.53966
335 5.30337
336 6.0714
337 5.20777
338 5.72672
339 5.29119
340 6.35683
341 5.45014
342 6.31942
343 5.4572
344 5.85178
345 7.25165
346 5.6972
347 6.37921
348 5.68656
349 6.75521
350 6.76116
351 5.68054
352 5.71217
353 5.27762
354 5.47694
355 5.43287
356 5.65145
357 5.53405
358 5.99312
359 5.44876
360 6.34897
361 6.7616
362 5.31948
363 5.65992
364 5.44649
365 5.44137
366 5.47047
367 6.77839
368 5.6793
369 5.53492
370 5.31671
371 5.99538
372 5.16571
373 5.8161
374 5.19456
375 6.06695
376 5.31048
377 5.97057
378 5.54409
379 5.18977
380 6.05213
381 5.8561
382 5.9718
383 5.50625
384 5.32378
385 5.17849
386 5.84148
387 5.27849
388 5.72499
389 5.7384
390 6.05698
391 6.36909
392 5.68755
393 5.29266
394 6.37612
395 7.21745
396 5.71029
397 5.97693
398 5.32149
399 5.54695
400 6.05167
401 5.83539
402 5.18288
403 5.53772
404 5.36257
405 5.99361
406 5.83866
407 6.09516
408 5.69572
409 6.36335
410 7.24495
411 5.17574
412 5.72916
413 5.27249
414 5.7356
415 5.26823
416 6.39181
417 5.72284
418 5.31386
419 5.54172
420 5.96935
421 6.07499
422 5.18108
423 5.70722
424 5.28648
425 6.3657
426 5.82255
427 7.25054
428 5.70355
429 6.37354
430 5.69352
431 5.70418
432 5.25537
433 5.53091
434 5.96615
435 5.30973
436 5.15823
437 5.84239
438 5.18476
439 6.07654
440 5.20106
441 6.0721
442 5.85562
443 5.19733
444 5.85585
445 6.06875
446 6.08599
447 5.84525
448 5.19517
449 5.84482
450 6.07435
451 5.18221
452 6.08298
453 5.18484
454 5.82514
455 5.14757
