1 4.67606
2 4.65736
3 4.40094
4 5.08491
5 7.02546
6 5.5879
7 6.25876
8 4.26062
9 5.59465
10 4.26158
11 6.2851
12 4.39545
13 7.07775
14 5.09409
15 4.66124
16 7.0577
17 4.39827
18 5.06917
19 4.26006
20 5.59236
21 6.27772
22 6.26836
23 5.60848
24 4.25345
25 5.08833
26 4.41276
27 7.04523
28 5.05756
29 7.06003
30 4.40028
31 6.27334
32 4.27159
33 5.5983
34 4.27204
35 6.27101
36 5.58396
37 7.04339
38 5.05851
39 4.39731
40 4.65987
41 4.66453
42 4.40817
43 5.05639
44 7.07982
45 5.58094
46 6.27264
47 4.27456
48 5.61387
49 4.26574
50 6.28932
51 4.65916
52 7.06742
53 4.40077
54 5.07104
55 4.26025
56 5.60581
57 6.27649
58 6.29635
59 5.59329
60 4.26697
61 5.07079
62 7.058
63 4.39873
64 6.26002
65 4.26696
66 5.60581
67 4.263
68 6.26837
69 5.60481
70 4.65812
71 4.6847
72 4.40436
73 5.05424
74 7.06171
75 5.58426
76 6.26936
77 4.26749
78 4.66294
79 7.07774
80 4.40504
81 5.05989
82 4.26733
83 5.58318
84 6.24622
85 5.06588
86 7.05007
87 4.39716
88 6.29055
89 4.2554
90 5.59027
91 4.65383
92 4.68143
93 4.38517
94 5.06961
95 7.06488
96 4.66949
97 7.06513
98 4.39969
99 5.06507
100 5.06046
101 7.06961
102 4.39423
103 4.68118
104 4.67222
105 4.67272
