1 2.72709
2 3.00455
3 3.00455
4 2.59895
5 2.99563
6 2.99563
7 2.59435
8 2.99172
9 2.99172
10 2.72912
11 2.99656
12 3.00404
13 4.07074
14 3.79143
15 4.06967
16 4.07218
17 3.5329
18 4.06251
19 4.06384
20 3.14024
21 4.07136
22 4.07577
23 3.79657
24 4.3984
25 3.2733
26 4.66853
27 3.59747
28 4.26116
29 4.65546
30 3.59714
31 3.05962
32 4.65343
33 4.38667
34 2.99798
35 4.40765
36 4.40765
37 4.11887
38 4.39746
39 4.39746
40 2.80074
41 4.40682
42 4.41082
43 3.2658
44 2.60751
45 3.27458
46 3.27655
47 3.14291
48 3.27123
49 3.25944
50 2.99752
51 3.60346
52 4.26207
53 4.66773
54 3.60813
55 3.06553
56 4.65248
57 4.396
58 3.19563
59 3.60176
60 3.60176
61 2.80167
62 3.60429
63 3.59875
64 4.27041
65 3.20191
66 4.26579
67 4.24558
68 4.17889
69 3.60917
70 3.07179
71 4.65709
72 4.38861
73 2.53301
74 3.59822
75 3.60248
76 3.06984
77 2.79698
78 4.39854
79 2.79246
80 3.06611
81 3.06611
82 2.52367
83 3.0688
84 3.0688
85 2.80975
86 3.06374
87 3.06374
88 2.80199
89 3.07093
90 4.39036
91 4.20986
92 4.38739
93 4.38739
94 3.00463
95 4.38893
96 4.38893
97 3.80107
98 4.39957
99 4.39667
100 4.26134
101 3.58218
102 4.64428
103 3.25555
104 3.60158
105 4.6671
106 4.0784
107 4.40295
108 4.67083
109 3.19609
110 4.26247
111 4.27774
112 3.19031
113 4.27669
114 4.2668
115 4.11474
116 4.27592
117 3.59882
118 3.13176
119 3.60855
120 3.60855
121 3.12484
122 3.58859
123 3.60248
124 3.27075
125 3.59914
126 4.6589
127 4.05969
128 4.39748
129 4.66468
130 2.60182
131 3.27652
132 3.2705
133 3.00594
134 3.27346
135 3.59445
136 3.52685
137 3.59875
138 3.59955
139 4.0662
140 4.40244
141 4.66772
142 3.79686
143 4.06527
144 4.41426
145 2.73928
146 3.06228
147 3.06228
148 2.79763
149 3.0678
150 3.07764
151 2.8124
152 3.06867
153 3.06241
154 2.53021
155 4.06722
156 3.81049
157 4.06625
158 4.06383
159 3.13201
160 4.05865
161 4.06952
162 3.52954
163 4.05324
164 3.85291
165 3.86376
166 4.39866
167 3.45941
168 3.469
169 4.41151
170 3.85639
171 3.86311
172 3.33878
173 3.87607
174 3.86442
175 2.9347
176 3.86577
177 3.87445
178 3.59399
179 3.87006
180 3.4045
181 3.87175
182 3.86156
183 3.39686
184 3.85741
185 3.46071
186 3.47221
187 4.40687
188 3.86536
189 3.85844
190 2.8006
191 3.46845
192 3.4761
193 2.93445
194 3.47066
195 3.39656
196 3.47372
197 3.87448
198 3.86624
199 3.33568
200 4.19606
201 4.39099
202 4.40284
203 3.33378
204 4.38607
205 4.38607
206 3.33293
207 4.40327
208 4.40327
209 4.8669
210 3.00851
211 4.88633
212 4.84627
213 4.73215
214 4.87488
215 4.86857
216 2.99326
217 3.201
218 3.46843
219 5.05175
220 4.8115
221 3.88123
222 5.06747
223 3.20639
224 2.40429
225 3.21018
226 3.1987
227 2.93464
228 3.19936
229 3.19936
230 3.46436
231 3.20259
232 3.47241
233 3.47182
234 3.00359
235 4.79648
236 3.86303
237 5.06284
238 3.20383
239 3.60118
240 4.80803
241 4.80803
242 3.8443
243 2.52845
244 3.199
245 4.21341
246 4.84277
247 4.85203
248 2.99198
249 4.86056
250 4.86031
251 4.73237
252 4.87761
253 6.19997
254 5.41676
255 6.20916
256 6.20434
257 3.39363
258 6.21287
259 6.21178
260 5.47705
261 3.80851
262 7.07373
263 3.86707
264 6.21114
265 7.09839
266 3.12589
267 5.44423
268 5.48007
269 4.77286
270 5.47773
271 3.79199
272 3.39728
273 3.79746
274 3.80697
275 3.86184
276 6.1953
277 7.03762
278 3.53008
279 3.86108
280 6.20659
281 2.60278
282 4.26112
283 4.26443
284 4.1314
285 4.26548
286 4.26923
287 3.19218
288 3.26139
289 2.99934
290 3.26491
291 3.2603
292 3.12979
293 3.26825
294 3.47098
295 5.48316
296 5.59796
297 5.46078
298 3.47407
299 3.32962
300 3.47092
301 3.45823
302 2.40611
303 5.46693
304 5.39455
305 5.46317
306 5.4511
307 3.45781
308 3.3174
309 3.34249
310 3.60233
311 3.60233
312 2.80563
313 3.5887
314 3.61354
315 5.49227
316 4.14557
317 5.45628
318 5.45083
319 4.74367
320 4.80908
321 3.46165
322 6.25423
323 4.7995
324 2.93866
325 4.80248
326 4.77926
327 3.47645
328 2.79822
329 4.80392
330 3.0049
331 3.471
332 3.47345
333 3.00053
334 3.46504
335 3.80805
336 3.40888
337 3.79802
338 3.79802
339 3.46992
340 3.79358
341 4.26503
342 3.13136
343 3.46906
344 3.79647
345 2.59947
346 3.25812
347 3.27528
348 2.9962
349 4.26159
350 4.19587
351 4.26612
352 4.86806
353 4.8572
354 4.1945
355 3.3436
356 3.61129
357 3.59918
358 3.86564
359 2.8046
360 3.19325
361 3.80484
362 3.86733
363 6.1891
364 2.73393
365 3.7997
366 4.40222
367 4.40222
368 2.99623
369 4.38133
370 4.38133
371 4.13222
372 4.4014
373 4.40372
374 2.80136
375 4.40473
376 4.05237
377 3.52217
378 4.06082
379 4.06838
380 3.13846
381 4.0669
382 4.06903
383 3.80139
384 4.06513
385 4.06462
386 3.59092
387 3.27035
388 4.67938
389 3.60047
390 4.26977
391 4.66024
392 4.39236
393 3.06811
394 4.66417
395 2.60489
396 3.61008
397 3.61008
398 3.19926
399 3.59988
400 3.60299
401 2.79841
402 3.60185
403 3.26035
404 3.13157
405 3.26598
406 3.27799
407 3.01231
408 3.26353
409 3.26592
410 3.59403
411 4.25406
412 4.64692
413 4.38284
414 3.06602
415 4.67186
416 3.20914
417 3.58591
418 3.58591
419 2.53163
420 3.60664
421 4.26592
422 4.20008
423 4.26354
424 4.27436
425 4.41948
426 3.06971
427 4.67275
428 2.80425
429 4.41097
430 3.06841
431 2.73265
432 4.056
433 4.06766
434 3.80734
435 4.08097
436 4.07089
437 3.13751
438 4.06407
439 4.05566
440 3.53212
441 4.39649
442 4.19618
443 4.40588
444 4.40588
445 3.33991
446 4.41076
447 4.41076
448 3.32204
449 4.39436
450 4.86549
451 6.1661
452 7.02978
453 5.46716
454 3.79955
455 7.10253
456 3.87357
457 6.18818
458 4.21011
459 4.87838
460 4.8564
461 2.99524
462 4.86671
463 4.86126
464 4.72983
465 6.172
466 5.37164
467 6.203
468 6.21128
469 3.40201
470 6.21006
471 5.46973
472 3.79275
473 7.07518
474 3.87838
475 6.20901
476 3.13646
477 5.45788
478 5.47901
479 4.74038
480 3.80134
481 3.40469
482 3.7946
483 3.84755
484 6.19208
485 3.54304
486 2.80896
487 3.06224
488 3.07375
489 2.80495
490 3.07429
491 3.06015
492 2.53039
493 3.06629
494 3.07113
495 3.85601
496 3.32203
497 3.86987
498 3.85719
499 3.39773
500 3.86572
501 3.86325
502 3.41128
503 3.86881
504 3.46526
505 4.39662
506 3.46346
507 3.84926
508 4.40694
509 3.87292
510 2.93489
511 3.86547
512 3.86406
513 3.60165
514 3.85763
515 3.86277
516 3.46772
517 2.80257
518 3.46112
519 3.4686
520 3.40247
521 3.46662
522 3.85607
523 4.38861
524 3.87072
525 2.9191
526 3.45514
527 3.46526
528 3.8622
529 3.31984
530 3.85908
531 3.00833
532 3.1946
533 3.19685
534 2.39984
535 3.20009
536 3.20009
537 2.93555
538 3.20165
539 4.86641
540 4.73971
541 4.84875
542 4.85826
543 2.99516
544 4.8522
545 4.86196
546 4.80463
547 3.46658
548 5.05847
549 3.20223
550 3.87747
551 5.06607
552 3.19647
553 4.77707
554 4.77707
555 3.58241
556 4.77342
557 3.45073
558 3.00365
559 3.46757
560 3.46039
561 3.19695
562 3.87123
563 5.06535
564 2.52964
565 3.20322
566 3.8604
567 2.59389
568 3.26244
569 3.28037
570 3.01186
571 3.26368
572 3.2694
573 3.1364
574 3.60695
575 3.33995
576 3.60107
577 3.60107
578 2.79057
579 3.58511
580 3.4634
581 3.80929
582 4.27662
583 3.47432
584 3.81029
585 2.99757
586 3.46352
587 3.45674
588 2.99255
589 3.79945
590 3.39616
591 3.7994
592 3.46305
593 3.80478
594 3.12956
595 4.14062
596 4.26798
597 4.27262
598 3.20803
599 4.26553
600 4.26607
601 5.46272
602 3.32967
603 5.48535
604 5.46485
605 5.41835
606 3.46562
607 3.47386
608 5.61307
609 5.47841
610 2.39839
611 3.45819
612 3.47982
613 3.45554
614 3.33202
615 5.47672
616 4.13262
617 4.80411
618 4.80411
619 2.92564
620 4.80929
621 5.49324
622 4.74575
623 5.44032
624 5.47575
625 4.79179
626 3.46057
627 6.29005
628 2.80552
629 4.8039
630 3.46403
631 2.60238
632 4.26416
633 4.25996
634 4.19648
635 3.60378
636 3.33777
637 3.6038
638 3.87093
639 6.18495
640 3.80445
641 3.00374
642 3.27075
643 3.26987
644 4.86833
645 4.20593
646 4.86441
647 2.80375
648 3.20293
649 3.86433
650 2.73195
651 2.73411
652 4.41375
653 4.41375
654 4.19068
655 4.39289
656 4.39289
657 3.31704
658 4.37698
659 4.39729
660 3.33321
661 3.06858
662 2.8032
663 3.06782
664 3.06782
665 2.8042
666 3.07303
667 3.07303
668 2.53551
669 3.07115
670 3.21056
671 4.85774
672 5.05885
673 4.78895
674 3.4647
675 5.06934
676 3.20098
677 3.87036
678 2.9963
679 3.19478
680 3.19478
681 2.3925
682 3.19341
683 3.20213
684 2.93613
685 4.85963
686 4.74485
687 4.86281
688 4.86305
689 2.99966
690 4.85991
691 4.81255
692 3.47641
693 5.06162
694 3.18943
695 3.85926
696 3.20533
697 4.80313
698 4.80313
699 3.58909
700 3.46347
701 3.00484
702 3.45794
703 3.19271
704 3.86332
705 2.53203
706 3.80412
707 4.07152
708 4.06258
709 3.13373
710 4.06718
711 4.06029
712 3.53978
713 4.07794
714 4.07794
715 6.173
716 4.20754
717 6.19972
718 6.19972
719 5.40548
720 6.19282
721 6.18252
722 3.40213
723 4.86658
724 3.79885
725 7.06123
726 5.46049
727 6.19964
728 7.05617
729 3.87145
730 3.00201
731 4.86427
732 4.8717
733 4.73802
734 4.85962
735 4.86214
736 3.80459
737 3.14419
738 3.79253
739 3.79253
740 3.39169
741 5.45729
742 6.1992
743 7.06413
744 3.85844
745 4.73906
746 5.43039
747 5.48535
748 6.20868
749 3.53028
750 3.86761
751 3.33364
752 3.86747
753 3.87726
754 2.91949
755 3.8804
756 3.85884
757 3.59304
758 3.86693
759 3.86501
760 3.41936
761 3.8699
762 3.8699
763 3.39367
764 3.88187
765 3.87095
766 3.47027
767 3.46956
768 4.38594
769 3.8735
770 3.85479
771 4.41023
772 2.80287
773 3.46285
774 3.47081
775 2.93932
776 3.47364
777 3.4707
778 3.40667
779 3.4573
780 3.46548
781 3.87218
782 3.85824
783 4.40483
784 3.33906
785 3.87553
786 3.87165
787 2.60224
788 3.60812
789 3.60812
790 3.33212
791 3.60016
792 3.60016
793 2.79588
794 4.2572
795 4.12077
796 4.25973
797 4.25345
798 3.20429
799 4.27181
800 4.78152
801 5.49041
802 6.26714
803 4.80002
804 3.46239
805 4.13017
806 4.79706
807 4.79706
808 2.93558
809 5.46402
810 4.71282
811 5.46653
812 4.81145
813 3.46741
814 2.79917
815 2.99816
816 3.26987
817 3.26458
818 3.13304
819 3.26646
820 3.26653
821 3.80042
822 3.00068
823 3.79795
824 3.79795
825 3.39979
826 3.47394
827 3.80408
828 4.27391
829 3.47927
830 3.00682
831 3.45394
832 3.45394
833 3.79392
834 3.12824
835 3.47244
836 3.33544
837 3.4667
838 3.46272
839 2.39736
840 3.47127
841 5.47472
842 5.40599
843 5.45
844 5.47918
845 5.47937
846 3.46999
847 5.59629
848 3.33995
849 5.47424
850 3.4672
851 2.59679
852 3.59213
853 3.60996
854 3.34442
855 3.27006
856 3.00245
857 3.2677
858 3.20511
859 3.86493
860 2.80766
861 4.19479
862 4.26758
863 4.2704
864 6.19545
865 3.79758
866 3.87792
867 4.20402
868 4.86183
869 4.87201
870 2.73769
871 2.73864
872 3.00577
873 2.99609
874 2.59175
875 3.00729
876 3.00729
877 2.60244
878 3.00336
879 3.00336
880 4.05417
881 3.79631
882 4.057
883 4.057
884 3.54802
885 4.05407
886 4.07604
887 3.13228
888 4.41373
889 3.26989
890 4.65708
891 3.59488
892 4.2683
893 4.67249
894 3.59497
895 3.00134
896 4.40234
897 4.40234
898 4.13315
899 4.38855
900 4.38855
901 3.26366
902 2.59764
903 3.26499
904 3.27044
905 3.13844
906 3.59618
907 4.26811
908 4.65786
909 3.59282
910 3.19609
911 3.59443
912 3.58962
913 4.24616
914 3.1943
915 3.59759
916 2.80187
917 3.0684
918 3.07116
919 2.5391
920 3.05789
921 3.05962
922 2.80417
923 3.07273
924 4.41241
925 4.20395
926 4.40208
927 4.40208
928 2.99265
929 4.38687
930 4.41239
931 4.2793
932 3.60288
933 4.67207
934 3.2732
935 3.59708
936 4.67942
937 3.20988
938 4.25318
939 4.26913
940 3.19575
941 4.27596
942 3.59278
943 3.12735
944 3.60007
945 3.60007
946 3.26519
947 3.60665
948 4.66337
949 2.59833
950 3.26808
951 3.59987
952 2.73638
953 3.05877
954 3.06922
955 2.79861
956 3.06596
957 3.06676
958 2.80826
959 4.06571
960 3.79876
961 4.0614
962 4.06816
963 3.13486
964 4.07372
965 3.8525
966 3.8611
967 4.4138
968 3.45989
969 3.47068
970 3.32284
971 3.86453
972 3.86473
973 2.93639
974 3.87183
975 3.40245
976 3.86298
977 3.46586
978 3.4698
979 2.79815
980 4.20454
981 4.3863
982 4.3863
983 3.33417
984 4.3915
985 4.3915
986 4.8608
987 3.00874
988 4.87039
989 4.87931
990 4.71564
991 3.20282
992 3.46433
993 5.06366
994 4.79108
995 2.39775
996 3.19568
997 3.19568
998 3.4675
999 3.19936
1000 4.78793
1001 4.19523
1002 4.86786
1003 4.87321
1004 3.00351
1005 4.88087
1006 6.20348
1007 5.39383
1008 6.21495
1009 6.21495
1010 5.46878
1011 3.80122
1012 7.08356
1013 3.1324
1014 5.47418
1015 3.79572
1016 2.60218
1017 4.27991
1018 4.26507
1019 4.13512
1020 3.2622
1021 3.00858
1022 3.26235
1023 3.4752
1024 5.48213
1025 3.33838
1026 3.33722
1027 3.60489
1028 3.60489
1029 5.47018
1030 4.14022
1031 4.78998
1032 3.00038
1033 3.47333
1034 3.80197
1035 2.59995
1036 3.80576
1037 4.40932
1038 4.4026
1039 2.99903
1040 4.39143
1041 4.4086
1042 4.13784
1043 4.41684
1044 4.05611
1045 3.53957
1046 4.06448
1047 4.06105
1048 3.13002
1049 4.06055
1050 4.07456
1051 3.60733
1052 3.26321
1053 4.67111
1054 3.59567
1055 4.25774
1056 4.65782
1057 2.59826
1058 3.59123
1059 3.59123
1060 3.19307
1061 3.59798
1062 3.2669
1063 3.13409
1064 3.26817
1065 3.26429
1066 3.60229
1067 4.26594
1068 4.66272
1069 3.19724
1070 3.59511
1071 4.24347
1072 2.73403
1073 4.06505
1074 4.07426
1075 3.79986
1076 4.07209
1077 4.05694
1078 3.12866
1079 4.38439
1080 4.19267
1081 4.38942
1082 4.38942
1083 3.3283
1084 4.39906
1085 4.89026
1086 6.21308
1087 7.08072
1088 5.46247
1089 3.80142
1090 4.20088
1091 4.85358
1092 4.85358
1093 3.004
1094 6.19897
1095 5.40831
1096 6.22376
1097 5.48825
1098 3.81737
1099 3.14451
1100 2.79643
1101 3.06246
1102 3.06401
1103 2.80367
1104 3.06119
1105 3.06119
1106 3.85699
1107 3.33662
1108 3.85633
1109 3.86009
1110 3.39444
1111 3.87237
1112 3.4656
1113 4.39697
1114 3.48067
1115 2.93526
1116 3.8676
1117 3.87103
1118 3.46516
1119 2.80936
1120 3.47286
1121 2.99571
1122 3.20679
1123 3.20679
1124 2.40442
1125 3.20851
1126 4.86592
1127 4.73195
1128 4.87521
1129 4.88296
1130 4.80063
1131 3.45539
1132 5.0658
1133 3.20002
1134 4.7956
1135 3.45988
1136 2.59672
1137 3.27127
1138 3.27042
1139 3.00385
1140 3.59343
1141 3.32836
1142 3.60631
1143 3.45628
1144 3.78641
1145 3.00292
1146 4.12559
1147 4.26709
1148 4.26791
1149 5.45862
1150 3.33467
1151 3.47573
1152 4.12573
1153 4.78598
1154 5.45745
1155 2.59926
1156 2.73489
1157 4.39259
1158 4.39259
1159 4.19179
1160 4.39316
1161 4.40213
1162 3.33509
1163 3.06348
1164 2.79676
1165 3.06083
1166 3.06083
1167 2.79942
1168 3.06184
1169 3.19203
1170 4.85663
1171 5.06074
1172 4.79202
1173 3.47779
1174 2.99944
1175 3.1985
1176 3.19733
1177 2.39993
1178 4.86
1179 4.75251
1180 4.86934
1181 4.8059
1182 3.4774
1183 3.20124
1184 3.80109
1185 4.07289
1186 4.07269
1187 3.13309
1188 4.06737
1189 4.06921
1190 6.18583
1191 4.20217
1192 6.19902
1193 6.20053
1194 5.39822
1195 4.85458
1196 3.79937
1197 7.07165
1198 5.47091
1199 2.99909
1200 4.85878
1201 4.87476
1202 3.79693
1203 3.12291
1204 5.45547
1205 3.3381
1206 3.86928
1207 3.86371
1208 2.94192
1209 3.87338
1210 3.8609
1211 3.39468
1212 3.86839
1213 3.86863
1214 3.46108
1215 3.46763
1216 4.3994
1217 2.80279
1218 3.46459
1219 3.46078
1220 2.60245
1221 3.60017
1222 3.60017
1223 3.32783
1224 4.26599
1225 4.14435
1226 4.27752
1227 4.80531
1228 5.4693
1229 4.13566
1230 3.00297
1231 3.27026
1232 3.27026
1233 3.7937
1234 2.99822
1235 3.46852
1236 3.32858
1237 3.47014
1238 5.48294
1239 2.59873
1240 2.73734
1241 2.99913
1242 2.99913
1243 2.59504
1244 2.99638
1245 3.00233
1246 4.05418
1247 3.79675
1248 4.05494
1249 4.06118
1250 3.524
1251 4.39092
1252 3.26659
1253 4.66085
1254 3.60294
1255 3.00803
1256 4.38221
1257 4.39491
1258 3.25321
1259 2.59881
1260 3.59486
1261 2.80225
1262 3.06685
1263 3.06685
1264 2.53265
1265 3.06161
1266 4.40526
1267 4.19227
1268 4.40194
1269 4.40194
1270 4.27781
1271 3.59768
1272 4.66596
1273 3.19894
1274 4.27001
1275 3.61236
1276 2.72591
1277 3.05923
1278 3.06325
1279 2.79782
1280 4.05196
1281 3.793
1282 4.07835
1283 3.88176
1284 3.86857
1285 3.33466
1286 4.18593
1287 4.38661
1288 4.41403
1289 4.88358
1290 3.00006
1291 3.20548
1292 4.20287
1293 4.87028
1294 6.21222
1295 2.60528
1296 3.81884
1297 4.41974
1298 4.40714
1299 2.99965
1300 4.4029
1301 4.07694
1302 3.54207
1303 4.06756
1304 4.05848
1305 3.60976
1306 3.27166
1307 4.6769
1308 2.60854
1309 3.59639
1310 3.26951
1311 2.73409
1312 4.06906
1313 4.0773
1314 3.79643
1315 4.38315
1316 4.18364
1317 4.39974
1318 4.86301
1319 6.19372
1320 4.21364
1321 2.80563
1322 3.06492
1323 3.06492
1324 3.8675
1325 3.33996
1326 3.87392
1327 3.00399
1328 3.19284
1329 4.85909
1330 2.6022
1331 2.73501
1332 4.39677
1333 4.39677
1334 4.19026
1335 3.07302
1336 2.80683
1337 3.06601
1338 3.19822
1339 4.85631
1340 3.00098
1341 3.7897
1342 4.07195
1343 4.05345
1344 6.19671
1345 4.19231
1346 4.86497
1347 3.3266
1348 3.8741
1349 3.85628
1350 2.59784
1351 2.72931
1352 2.99637
1353 2.99637
1354 4.06832
1355 3.79084
1356 4.39831
1357 2.79729
1358 3.05744
1359 4.41007
1360 2.73154
1361 3.80946
1362 4.39688
1363 4.05729
1364 2.72836
1365 2.74052
