1 2.1989
2 2.2668
3 2.0646
4 2.2676
5 2.0776
6 2.2116
7 2.202
8 2.2807
9 2.2684
10 2.2154
11 2.0702
12 2.2602
13 2.2614
14 2.1972
15 2.1926
16 2.0701
17 2.29
18 2.2001
19 2.2942
20 1.9511
21 2.1437
22 1.9377
23 2.0722
24 2.2071
25 2.1329
26 2.2084
27 2.086
28 2.1553
29 2.198
30 2.0646
31 1.9324
32 2.1361
33 2.0518
34 2.2065
35 2.1373
36 2.4002
37 2.1187
38 2.3975
39 2.2409
40 2.2831
41 2.0736
42 1.9284
43 2.1465
44 2.0752
45 2.2718
46 2.0741
47 2.4013
48 2.2088
49 2.198
50 2.1324
51 2.2652
52 2.0634
53 2.2625
54 2.2473
55 2.2019
56 2.2505
57 2.2629
58 2.0768
59 2.1896
60 2.0748
61 2.2008
62 2.1956
63 2.2496
64 2.2541
65 2.1162
66 2.1144
67 2.1239
68 2.1116
69 2.3813
70 2.2432
71 2.3804
72 2.2632
73 1.9166
74 2.2061
75 1.9348
76 2.0741
77 2.0725
78 2.146
79 2.2001
80 1.9475
81 2.2153
82 2.0767
83 2.2107
84 2.1455
85 2.0733
86 1.9355
87 2.0769
88 2.0591
89 2.1521
90 2.2747
91 2.0577
92 2.2623
93 2.126
94 2.0677
95 2.1853
96 2.387
97 2.1979
98 2.2517
99 2.1825
100 2.2565
101 2.1255
102 1.9309
103 2.0623
104 1.929
105 2.1904
106 2.0525
107 2.1929
108 2.1565
109 2.138
110 2.4097
111 2.1292
112 2.1532
113 2.2704
114 2.246
115 2.3962
116 2.0708
117 2.1965
118 1.9096
119 2.1896
120 2.042
121 2.1279
122 2.0722
123 2.0575
124 2.207
125 2.2105
126 2.4117
127 1.9416
128 2.2765
129 2.0758
130 2.1402
131 2.0851
132 2.2955
133 2.1466
134 2.2199
135 2.2642
136 2.2806
137 1.7992
138 2.0698
139 1.7999
140 2.0741
141 1.9266
142 2.0565
143 2.0507
144 1.7954
145 2.0613
146 2.0612
147 2.0589
148 2.0563
149 1.9231
150 1.7973
151 2.0534
152 1.9141
153 2.0573
154 2.1553
155 2.068
156 2.1339
157 2.0699
158 1.9381
159 2.2142
160 2.3877
161 2.2066
162 2.1796
163 2.069
164 2.2012
165 2.0923
166 2.0586
167 1.7993
168 2.0589
169 1.9359
170 2.0579
171 2.0673
172 2.0708
173 2.2018
174 2.2038
175 2.4085
176 1.7904
177 2.1251
178 1.9237
179 2.0527
180 1.9472
181 2.1469
182 2.0818
183 2.0761
184 2.2095
185 2.1967
186 2.0803
187 1.8023
188 2.0798
189 1.9435
190 2.1456
191 2.0743
192 2.4181
193 2.2131
194 2.1996
195 2.0544
196 2.1341
197 1.9448
198 2.1901
199 2.1949
200 2.0733
201 1.7987
202 2.0946
203 1.9241
204 2.0948
205 1.9272
206 2.1381
207 2.1388
208 2.0757
209 2.2807
210 2.2747
211 2.127
212 2.1328
213 1.9262
214 2.2719
215 2.2567
216 2.0661
217 2.274
218 2.0496
219 2.2406
220 2.1982
221 2.2643
222 2.2646
223 2.2073
224 2.2138
225 2.0788
226 2.196
227 2.0799
228 2.2718
229 2.2529
230 2.144
231 2.2706
232 2.1314
233 2.1392
234 2.3982
235 2.1372
236 2.3994
237 2.261
238 2.0384
239 2.1744
240 1.9091
241 2.0549
242 1.9156
243 2.1358
244 2.1893
245 2.0706
246 2.266
247 2.2054
248 2.199
249 2.2726
250 2.2044
251 1.9159
252 2.0503
253 1.9216
254 2.1215
255 2.2548
256 2.0834
257 2.2144
258 2.147
259 2.0571
260 2.0472
261 2.3798
262 2.1883
263 2.1229
264 2.0636
265 2.2838
266 2.4227
267 2.2746
268 2.3497
269 2.0675
270 2.486
271 2.0052
272 2.4874
273 2.403
274 3.0885
275 3.4894
276 2.6986
277 2.6658
278 2.4193
279 3.0902
280 3.4834
281 3.0195
282 2.8207
283 2.4733
284 2.4855
285 2.7944
286 3.0554
287 2.5965
288 2.6023
289 2.3257
290 3.0046
291 3.4878
292 2.2102
293 2.4798
294 2.4706
295 2.6486
296 2.0764
297 2.8176
298 2.6719
299 2.271
300 2.4044
301 3.0801
302 2.1446
303 2.3443
304 1.9273
305 2.3184
306 1.8609
307 2.3185
308 2.3125
309 2.1185
310 2.2706
311 2.4034
312 2.1384
313 2.406
314 2.287
315 1.9287
316 2.3442
317 1.8626
318 2.3481
319 2.4123
320 2.2053
321 2.1428
322 2.2073
323 2.0725
324 2.1517
325 2.6884
326 2.4782
327 2.1512
328 1.9796
329 2.453
330 3.0458
331 2.7086
332 2.3685
333 2.3593
334 2.682
335 3.0086
336 2.6145
337 2.6019
338 2.3316
339 2.9975
340 3.4362
341 2.0555
342 2.3014
343 2.328
344 2.6182
345 1.9256
346 2.6541
347 2.5863
348 2.1362
349 2.3298
350 3.0343
351 2.6664
352 2.3427
353 2.341
354 2.6797
355 3.0741
356 2.4135
357 2.6833
358 2.6797
359 2.8023
360 2.1985
361 2.6744
362 2.4645
363 2.406
364 2.4738
365 2.7986
366 2.0557
367 2.3401
368 2.3345
369 2.6623
370 1.9285
371 2.652
372 2.6598
373 2.115
374 2.3729
375 3.0401
376 2.2074
377 2.4069
378 2.1854
379 2.4103
380 2.4868
381 2.4865
382 2.2939
383 2.098
384 2.8036
385 2.276
386 2.3897
387 2.064
388 2.326
389 2.0023
390 2.4851
391 2.0601
392 2.4817
393 2.4298
394 2.0822
395 2.4452
396 1.9971
397 2.3165
398 2.0691
399 2.3853
400 2.4522
401 1.9926
402 2.0612
403 1.983
404 1.9998
405 2.055
406 2.0738
407 1.9391
408 2.2626
409 2.009
410 2.3393
411 2.4724
412 1.9348
413 2.0804
414 2.0014
415 2.0104
416 2.0105
417 2.4535
418 2.3195
419 2.0634
420 2.0589
421 2.3891
422 1.9385
423 2.3185
424 1.8563
425 2.3148
426 1.932
427 2.3228
428 2.3218
429 1.9322
430 2.1313
431 2.2086
432 2.0564
433 2.2084
434 2.0629
435 1.866
436 2.3407
437 1.9384
438 2.3438
439 2.3888
440 2.137
441 2.1378
442 2.1365
443 1.9895
444 2.2031
445 2.6753
446 2.4788
447 2.2105
448 2.0831
449 2.4741
450 1.9913
451 1.9337
452 1.8654
453 1.864
454 1.94
455 1.993
456 1.9199
457 2.2894
458 1.9826
459 2.3555
460 2.4581
461 1.8003
462 1.9348
463 1.8626
464 1.9361
465 1.8583
466 2.335
467 2.2749
468 1.9244
469 2.0029
470 2.341
471 1.954
472 1.8676
473 1.8874
474 1.9296
475 2.0809
476 2.0711
477 2.1996
478 2.1263
479 2.0748
480 2.0067
481 2.2056
482 2.0159
483 2.0654
484 2.0128
485 2.0944
486 1.8064
487 1.9351
488 1.8693
489 2.0035
490 1.8728
491 2.3502
492 2.3536
493 1.9388
494 2.0622
495 2.4093
496 2.0645
497 2.134
498 1.9379
499 2.1328
500 2.0838
501 2.0124
502 2.2007
503 2.0169
504 2.4727
505 2.0747
506 2.1204
507 2.6481
508 1.9905
509 2.6485
510 1.9991
511 2.6453
512 2.6449
513 2.0553
514 2.0562
515 2.1823
516 1.9162
517 2.1866
518 2.1174
519 1.9137
520 2.5823
521 1.9301
522 2.5953
523 2.666
524 2.0762
525 2.0103
526 2.0726
527 2.0004
528 2.0845
529 2.8269
530 2.6903
531 2.0884
532 2.0147
533 2.7119
534 3.0222
535 2.6732
536 2.3516
537 2.3499
538 2.6802
539 3.0329
540 2.7081
541 2.9723
542 2.4471
543 3.4174
544 3.9411
545 2.1349
546 2.403
547 2.3992
548 2.6578
549 2.0789
550 3.0765
551 3.0241
552 2.2869
553 2.4657
554 3.4949
555 2.5713
556 2.2681
557 2.2827
558 2.607
559 3.0133
560 2.1997
561 2.4772
562 2.4559
563 2.6899
564 1.9959
565 2.4564
566 2.3327
567 2.2006
568 2.3115
569 2.6623
570 2.0756
571 2.3032
572 2.3369
573 2.6315
574 2.0011
575 3.0376
576 2.9853
577 2.1873
578 2.4377
579 3.4552
580 2.0641
581 2.2647
582 2.1418
583 2.2613
584 2.4136
585 2.4055
586 2.2015
587 2.0796
588 3.0919
589 2.2791
590 2.0633
591 1.9379
592 2.0767
593 1.7939
594 2.0773
595 2.0703
596 1.9399
597 2.5808
598 1.9266
599 2.586
600 2.6488
601 1.9243
602 1.8546
603 1.9187
604 1.9179
605 1.9313
606 2.6532
607 2.565
608 1.9303
609 1.9213
610 2.5659
611 1.9203
612 2.0521
613 1.7996
614 2.0758
615 2.1406
616 2.2232
617 2.1507
618 2.2027
619 2.0621
620 2.057
621 2.4011
622 2.1952
623 2.0689
624 1.9269
625 2.1967
626 1.9289
627 1.8612
628 1.9319
629 1.9916
630 1.9215
631 2.6436
632 2.6444
633 1.9217
634 1.9824
635 2.6618
636 2.1266
637 2.2636
638 2.0553
639 2.113
640 1.9938
641 2.0543
642 2.2446
643 2.056
644 2.8049
645 2.0822
646 2.5844
647 2.2459
648 2.2581
649 2.5531
650 2.9893
651 2.0621
652 2.3182
653 2.3297
654 2.5943
655 1.8643
656 2.3184
657 2.2381
658 2.066
659 2.2525
660 2.6125
661 2.0853
662 2.3297
663 2.3346
664 2.6689
665 2.0077
666 2.9892
667 2.9908
668 2.2148
669 2.4888
670 3.475
671 1.9302
672 2.1271
673 2.0672
674 2.1285
675 2.3385
676 2.3502
677 2.087
678 2.016
679 3.0332
680 2.1974
681 2.0728
682 2.3337
683 2.3338
684 2.6379
685 1.8573
686 2.3449
687 2.347
688 2.0445
689 2.301
690 2.65
691 2.2178
692 2.4117
693 2.199
694 2.4101
695 2.4765
696 2.4734
697 2.1831
698 1.9939
699 2.4599
700 2.1873
701 1.9356
702 2.135
703 2.1369
704 2.1341
705 2.4044
706 2.4245
707 2.0911
708 2.0873
709 3.1193
710 2.2821
711 2.2722
712 2.0608
713 2.2565
714 2.2454
715 2.2048
716 2.2756
717 2.1817
718 2.2442
719 2.0498
720 2.1824
721 2.175
722 2.25
723 2.2735
724 2.0683
725 2.0748
726 2.4169
727 2.0098
728 2.3424
729 2.4743
730 2.4086
731 2.4776
732 2.0614
733 2.0536
734 2.0756
735 2.0107
736 1.9971
737 2.0768
738 2.0651
739 2.0153
740 1.9903
741 2.4489
742 2.3157
743 2.4515
744 2.3788
745 2.0587
746 1.9328
747 1.9362
748 2.006
749 2.0123
750 2.0708
751 2.2659
752 2.4651
753 2.3226
754 2.0118
755 2.3315
756 2.4672
757 1.9937
758 2.4012
759 2.0746
760 2.0593
761 2.0584
762 2.1276
763 1.9421
764 2.0647
765 2.2084
766 2.1337
767 2.2077
768 1.942
769 2.2591
770 2.2655
771 2.198
772 2.0726
773 2.252
774 2.2055
775 2.1877
776 2.1234
777 2.3865
778 2.1328
779 2.3957
780 2.2637
781 2.1394
782 2.0731
783 1.945
784 2.1254
785 2.0652
786 2.1949
787 2.0773
788 2.4154
789 2.2071
790 2.0764
791 2.1267
792 2.2655
793 1.932
794 2.2687
795 2.1404
796 2.0707
797 1.9388
798 1.9477
799 1.8714
800 1.9952
801 1.9314
802 1.9934
803 1.8668
804 1.8595
805 2.3277
806 2.3461
807 2.3483
808 2.3533
809 1.9195
810 1.8063
811 1.9245
812 1.8657
813 1.9201
814 1.9304
815 2.2636
816 2.3588
817 2.2912
818 1.8724
819 2.3557
820 2.4748
821 1.9959
822 2.332
823 1.9174
824 2.0003
825 2.1203
826 2.1867
827 1.9172
828 2.1896
829 2.0648
830 2.0538
831 2.0717
832 1.9314
833 2.1345
834 2.0529
835 2.1898
836 1.882
837 2.2141
838 2.0144
839 2.0102
840 1.9442
841 2.0832
842 1.8777
843 2.0775
844 2.0537
845 1.9949
846 2.1209
847 1.859
848 2.1197
849 2.0039
850 2.1212
851 2.3533
852 2.6738
853 2.4868
854 2.2163
855 2.3485
856 2.4131
857 1.9379
858 2.488
859 2.2243
860 2.0647
861 1.7975
862 2.1561
863 1.9291
864 2.0908
865 1.8654
866 2.0016
867 1.938
868 1.9923
869 2.1303
870 2.0734
871 2.3231
872 2.3222
873 1.8582
874 2.4687
875 2.2015
876 1.9942
877 2.4184
878 1.9351
879 2.0753
880 2.0645
881 3.0627
882 2.3819
883 2.6699
884 2.6505
885 3.4606
886 3.0559
887 3.4587
888 2.3995
889 2.2667
890 2.8121
891 2.491
892 2.9988
893 2.8014
894 3.0619
895 2.4506
896 2.0584
897 2.4616
898 2.3162
899 2.4636
900 2.3944
901 1.9969
902 2.1856
903 2.5852
904 2.4614
905 2.6597
906 2.4574
907 2.6038
908 2.8067
909 2.6685
910 2.0751
911 2.9898
912 3.4614
913 2.3394
914 3.067
915 2.2792
916 2.3926
917 2.1199
918 2.6452
919 2.3085
920 2.9759
921 2.699
922 3.0125
923 2.3407
924 2.0046
925 2.6617
926 2.6884
927 2.6896
928 2.6834
929 1.9954
930 2.1487
931 2.6551
932 2.3782
933 2.6618
934 2.39
935 2.9776
936 3.0553
937 2.9848
938 2.0582
939 3.4599
940 3.9763
941 2.4454
942 3.4512
943 2.248
944 2.4404
945 2.0669
946 2.2044
947 2.072
948 2.2022
949 2.1454
950 1.9414
951 2.1966
952 2.5958
953 2.4638
954 2.6693
955 2.4667
956 2.2664
957 2.4611
958 2.32
959 1.9981
960 2.5937
961 2.98
962 2.276
963 2.6736
964 2.1958
965 2.3296
966 2.0585
967 1.9208
968 2.0584
969 1.9933
970 1.9947
971 2.5753
972 2.7795
973 2.6529
974 2.0671
975 2.6004
976 2.6608
977 1.9394
978 2.6589
979 2.0536
980 1.9981
981 2.0703
982 2.2701
983 2.1462
984 2.0746
985 2.3389
986 2.6667
987 2.3378
988 2.4209
989 2.2846
990 2.4189
991 3.0074
992 3.0075
993 2.008
994 3.1101
995 2.1966
996 2.0746
997 3.5401
998 2.2192
999 2.5038
1000 2.2745
1001 2.1419
1002 2.6635
1003 2.3429
1004 3.0067
1005 2.6774
1006 2.9982
1007 2.3352
1008 1.9142
1009 2.3068
1010 2.3079
1011 2.3231
1012 2.3233
1013 1.8639
1014 2.0625
1015 2.6023
1016 2.334
1017 2.5938
1018 2.3384
1019 2.5813
1020 2.6655
1021 2.613
1022 1.9338
1023 2.9911
1024 3.5026
1025 2.3157
1026 3.0186
1027 2.1367
1028 2.3187
1029 2.2472
1030 2.3593
1031 2.107
1032 2.3482
1033 2.2378
1034 2.1058
1035 2.3644
1036 2.6831
1037 2.6396
1038 2.7956
1039 2.6559
1040 2.3316
1041 2.6673
1042 2.4805
1043 2.1923
1044 2.664
1045 3.0628
1046 2.3155
1047 2.7668
1048 2.3754
1049 2.458
1050 2.1891
1051 1.9393
1052 2.1919
1053 2.0649
1054 2.1297
1055 2.3327
1056 2.6883
1057 2.4959
1058 2.1348
1059 2.3602
1060 2.4339
1061 1.8656
1062 2.4727
1063 2.1536
1064 2.0116
1065 2.0775
1066 2.4138
1067 2.2063
1068 2.2075
1069 2.3629
1070 2.6979
1071 2.3613
1072 2.4837
1073 2.4202
1074 2.4861
1075 2.6549
1076 2.652
1077 1.933
1078 2.7718
1079 2.2619
1080 2.0499
1081 3.0694
1082 2.1402
1083 2.4256
1084 2.2762
1085 1.921
1086 2.0773
1087 2.0748
1088 2.077
1089 2.0714
1090 1.8114
1091 2.0777
1092 2.6066
1093 2.3302
1094 2.604
1095 2.3349
1096 2.2754
1097 2.3181
1098 2.2544
1099 1.85
1100 2.6018
1101 3.0061
1102 2.2745
1103 2.6169
1104 2.0779
1105 2.2723
1106 1.9321
1107 1.9356
1108 1.9493
1109 1.9481
1110 1.8732
1111 2.6242
1112 2.6897
1113 2.6148
1114 1.9314
1115 2.6142
1116 2.6729
1117 1.9266
1118 2.6181
1119 1.9429
1120 1.9301
1121 2.0622
1122 2.136
1123 2.0778
1124 1.9442
1125 2.3371
1126 2.6661
1127 2.333
1128 2.3371
1129 2.1053
1130 2.306
1131 2.9762
1132 2.9753
1133 1.9885
1134 2.9924
1135 2.0586
1136 1.9878
1137 3.4721
1138 2.196
1139 2.4641
1140 2.2107
1141 2.2009
1142 1.9277
1143 2.203
1144 2.0674
1145 2.1346
1146 2.061
1147 2.4025
1148 2.1876
1149 2.0726
1150 2.0619
1151 2.1268
1152 1.7917
1153 2.2169
1154 2.0807
1155 1.9465
1156 2.0648
1157 2.388
1158 2.1814
1159 2.1891
1160 2.3318
1161 2.6516
1162 2.3332
1163 2.4612
1164 2.3722
1165 2.4732
1166 2.3165
1167 2.3245
1168 1.859
1169 2.4393
1170 2.1657
1171 1.9879
1172 2.6511
1173 2.067
1174 2.3413
1175 2.1996
1176 1.9291
1177 2.2508
1178 2.0737
1179 2.1479
1180 1.9301
1181 1.9948
1182 1.8659
1183 2.0694
1184 2.131
1185 2.0008
1186 2.6623
1187 2.6631
1188 1.9336
1189 2.7869
1190 2.2605
1191 2.0764
1192 2.651
1193 1.9307
1194 1.9914
1195 2.0636
1196 2.1346
1197 2.1309
1198 1.948
1199 2.2684
1200 2.2811
1201 2.0679
1202 2.4185
1203 2.1291
1204 2.3698
1205 2.2748
1206 3.0832
1207 2.0726
1208 2.0599
1209 2.1984
1210 2.2629
1211 2.2746
1212 2.266
1213 2.1372
1214 2.1303
1215 2.3899
1216 2.1277
1217 2.3923
1218 2.1262
1219 2.1986
1220 2.2616
1221 2.0674
1222 2.2
1223 2.0607
1224 2.2786
1225 2.2153
1226 2.0802
1227 2.2712
1228 2.1978
1229 2.1974
1230 2.2718
1231 2.069
1232 1.9296
1233 2.0792
1234 1.9338
1235 2.1432
1236 2.2074
1237 2.0807
1238 2.2283
1239 2.1463
1240 1.9432
1241 2.0849
1242 2.4259
1243 2.0837
1244 2.1542
1245 1.9394
1246 2.1584
1247 2.0595
1248 2.1225
1249 1.9258
1250 2.1934
1251 1.9226
1252 2.1914
1253 2.0779
1254 1.9961
1255 2.3781
1256 2.4491
1257 2.2995
1258 2.4409
1259 2.0579
1260 1.8522
1261 2.1275
1262 1.8718
1263 2.1596
1264 2.1512
1265 2.358
1266 2.3449
1267 2.3299
1268 1.9471
1269 2.3342
1270 2.6803
1271 2.2311
1272 2.3358
1273 1.927
1274 2.1922
1275 2.0628
1276 2.0651
1277 2.0011
1278 2.0045
1279 2.0587
1280 1.9937
1281 1.9297
1282 2.067
1283 1.9324
1284 2.1355
1285 2.1988
1286 1.8622
1287 1.9814
1288 1.9195
1289 1.8564
1290 1.8536
1291 2.1871
1292 1.9942
1293 1.9189
1294 1.856
1295 2.0576
1296 1.9777
1297 1.9259
1298 1.9421
1299 2.004
1300 2.0672
1301 2.3427
1302 2.487
1303 2.417
1304 2.0492
1305 2.2741
1306 2.4585
1307 1.9751
1308 2.3411
1309 2.0099
1310 2.0588
1311 1.7948
1312 1.9445
1313 1.8659
1314 1.939
1315 1.7949
1316 2.1229
1317 2.0621
1318 1.8648
1319 1.9432
1320 2.1313
1321 2.2634
1322 2.3261
1323 1.8743
1324 2.3208
1325 2.0148
1326 1.9515
1327 2.3445
1328 1.8778
1329 2.2167
1330 1.9374
1331 2.2771
1332 2.4225
1333 2.071
1334 2.4921
1335 2.0066
1336 2.4628
1337 2.3476
1338 2.1331
1339 2.2503
1340 2.3844
1341 2.1191
1342 2.3919
1343 2.1509
1344 1.9367
1345 2.3436
1346 1.8793
1347 2.3299
1348 2.3311
1349 2.2072
1350 2.1281
1351 2.1967
1352 1.9422
1353 2.1327
1354 2.681
1355 2.3124
1356 2.1165
1357 1.868
1358 2.313
1359 3.035
1360 2.809
1361 2.4603
1362 2.4777
1363 2.8022
1364 3.0113
1365 2.6746
1366 2.6841
1367 2.401
1368 3.0614
1369 3.5009
1370 2.2054
1371 2.4732
1372 2.4665
1373 2.6123
1374 2.0774
1375 2.8252
1376 2.6286
1377 2.2778
1378 2.3468
1379 2.9935
1380 2.6919
1381 2.3034
1382 2.3534
1383 2.6574
1384 3.0474
1385 2.4007
1386 2.6757
1387 2.6766
1388 2.7018
1389 2.2142
1390 2.6729
1391 2.3182
1392 2.4085
1393 2.3198
1394 2.6658
1395 2.0608
1396 2.3397
1397 2.3313
1398 2.6053
1399 1.9169
1400 2.6331
1401 2.5605
1402 2.1288
1403 2.3455
1404 3.0013
1405 2.2051
1406 2.4036
1407 2.0643
1408 2.3848
1409 2.3252
1410 2.3179
1411 2.248
1412 1.9224
1413 2.6849
1414 2.1429
1415 2.1357
1416 2.0632
1417 2.1993
1418 1.9379
1419 2.1943
1420 2.0573
1421 1.927
1422 2.3243
1423 1.8768
1424 2.3402
1425 2.3528
1426 2.0035
1427 1.9508
1428 2.0141
1429 1.8711
1430 1.9453
1431 2.4762
1432 2.2914
1433 1.9343
1434 1.8113
1435 2.2889
1436 2.0094
1437 2.1442
1438 1.871
1439 2.1268
1440 2.1243
1441 2.4614
1442 2.3997
1443 2.4686
1444 2.0708
1445 2.3417
1446 2.6712
1447 2.2021
1448 2.3413
1449 1.9381
1450 2.2065
1451 1.9436
1452 1.8729
1453 1.9407
1454 1.9376
1455 1.8673
1456 2.4071
1457 2.3408
1458 1.8704
1459 1.8694
1460 2.3439
1461 2.3241
1462 2.4448
1463 1.9902
1464 2.3191
1465 1.9331
1466 2.0038
1467 2.3999
1468 1.9284
1469 2.4701
1470 1.921
1471 2.667
1472 2.3245
1473 2.3373
1474 2.6361
1475 2.9965
1476 2.2178
1477 2.5056
1478 2.5163
1479 2.6553
1480 2.0112
1481 2.4894
1482 2.2721
1483 2.2025
1484 2.2689
1485 2.6049
1486 2.0719
1487 2.3357
1488 2.3382
1489 2.6035
1490 1.9286
1491 2.6745
1492 2.605
1493 2.1314
1494 2.3243
1495 3.0091
1496 2.0011
1497 2.2035
1498 1.9967
1499 2.2101
1500 2.2537
1501 2.2736
1502 2.0655
1503 1.8587
1504 2.5758
1505 2.0626
1506 2.1122
1507 2.3954
1508 2.38
1509 2.6549
1510 1.919
1511 2.4042
1512 2.3331
1513 2.1344
1514 2.3089
1515 2.6707
1516 2.4533
1517 2.6598
1518 2.1912
1519 2.6847
1520 2.4843
1521 2.4759
1522 2.4685
1523 1.9961
1524 2.4505
1525 2.2097
1526 1.9145
1527 2.1124
1528 2.0512
1529 2.1334
1530 2.347
1531 2.342
1532 1.9852
1533 1.924
1534 2.6695
1535 2.1189
1536 2.494
1537 2.0188
1538 2.2194
1539 2.206
1540 2.0734
1541 2.2676
1542 3.1113
1543 2.3868
1544 3.5178
1545 2.6905
1546 3.5198
1547 2.7058
1548 2.0717
1549 2.3855
1550 2.4602
1551 2.3177
1552 2.4563
1553 2.0077
1554 2.1337
1555 3.0468
1556 2.3495
1557 3.0101
1558 2.6673
1559 2.6866
1560 2.6814
1561 2.6881
1562 2.0035
1563 3.0092
1564 4.016
1565 2.67
1566 3.0349
1567 2.1477
1568 2.6689
1569 2.2019
1570 2.2689
1571 2.1895
1572 2.1813
1573 2.2599
1574 2.0573
1575 2.2469
1576 2.9923
1577 2.4465
1578 3.0908
1579 2.7979
1580 2.3591
1581 2.4801
1582 2.4273
1583 2.0607
1584 2.6567
1585 3.5031
1586 2.6115
1587 2.6619
1588 2.2138
1589 2.6736
1590 2.0756
1591 2.0031
1592 2.0089
1593 2.0652
1594 2.0659
1595 2.32
1596 2.4514
1597 2.3873
1598 1.9988
1599 2.2509
1600 2.4562
1601 1.9343
1602 2.3182
1603 1.926
1604 2.0017
1605 2.061
1606 2.1772
1607 2.1153
1608 2.0485
1609 2.2579
1610 3.017
1611 2.6069
1612 2.3377
1613 2.21
1614 2.6682
1615 2.6038
1616 2.6678
1617 1.9365
1618 2.6651
1619 2.081
1620 2.0112
1621 2.9887
1622 2.0692
1623 2.703
1624 2.1284
1625 2.097
1626 2.1321
1627 2.2021
1628 2.0685
1629 2.2047
1630 1.9219
1631 2.1472
1632 3.014
1633 2.3548
1634 3.0166
1635 2.6883
1636 2.3727
1637 2.3658
1638 2.3752
1639 1.9548
1640 2.6241
1641 3.5102
1642 2.5886
1643 2.6078
1644 2.071
1645 2.5894
1646 1.998
1647 2.0568
1648 1.9304
1649 2.0576
1650 1.99
1651 2.6522
1652 2.6463
1653 2.6514
1654 1.9872
1655 2.5863
1656 2.7888
1657 2.0605
1658 2.5855
1659 1.9451
1660 2.0843
1661 2.1321
1662 2.1313
1663 2.1348
1664 1.9984
1665 2.3214
1666 3.0695
1667 2.6546
1668 2.336
1669 2.1412
1670 2.6518
1671 3.0125
1672 3.0725
1673 2.0703
1674 3.0097
1675 2.0722
1676 2.0715
1677 3.528
1678 2.2281
1679 2.8231
1680 2.2248
1681 2.064
1682 2.0083
1683 2.0031
1684 2.052
1685 2.0516
1686 2.0497
1687 2.1865
1688 2.1178
1689 1.9199
1690 1.9906
1691 2.1817
1692 1.8524
1693 2.0523
1694 1.8649
1695 1.9281
1696 2.062
1697 2.1926
1698 2.1216
1699 2.063
1700 2.2748
1701 3.0116
1702 2.5931
1703 2.3046
1704 2.1964
1705 2.6469
1706 2.2652
1707 2.3265
1708 1.8753
1709 2.319
1710 1.9931
1711 1.9409
1712 2.6243
1713 2.0145
1714 2.6271
1715 2.0855
1716 1.9249
1717 2.0481
1718 1.9959
1719 2.003
1720 1.8788
1721 2.061
1722 1.9272
1723 1.9502
1724 1.9476
1725 1.9986
1726 2.6002
1727 2.6585
1728 1.9282
1729 2.6871
1730 2.0548
1731 1.9937
1732 2.6232
1733 1.8631
1734 2.0604
1735 1.9286
1736 2.0735
1737 2.1362
1738 1.9365
1739 2.1402
1740 2.0787
1741 2.0032
1742 2.3509
1743 2.0819
1744 2.6745
1745 2.131
1746 2.9915
1747 1.9837
1748 2.0548
1749 2.0573
1750 2.1855
1751 2.2635
1752 2.271
1753 2.4013
1754 2.1346
1755 2.4084
1756 2.1306
1757 2.2509
1758 3.4396
1759 2.3709
1760 3.4526
1761 3.0659
1762 2.4534
1763 2.3934
1764 2.4504
1765 2.0692
1766 2.6678
1767 3.982
1768 2.9526
1769 2.6419
1770 2.1099
1771 2.9548
1772 2.0513
1773 2.1761
1774 1.9187
1775 2.2103
1776 2.1509
1777 2.465
1778 2.3952
1779 2.4628
1780 2.0106
1781 2.3311
1782 2.6718
1783 2.1427
1784 2.3589
1785 1.8754
1786 2.139
1787 2.2264
1788 2.1577
1789 2.2227
1790 2.0807
1791 2.3387
1792 3.426
1793 2.9692
1794 2.333
1795 2.1406
1796 2.9635
1797 2.6887
1798 2.8057
1799 2.0639
1800 2.6728
1801 1.9968
1802 2.0621
1803 3.0722
1804 2.1318
1805 3.0505
1806 2.13
1807 2.7959
1808 2.467
1809 2.467
1810 2.7835
1811 3.0565
1812 2.3869
1813 2.6717
1814 2.6675
1815 2.6963
1816 2.1859
1817 2.6535
1818 2.3403
1819 2.3837
1820 2.3056
1821 2.6515
1822 2.3862
1823 2.64
1824 2.6542
1825 2.7704
1826 2.4348
1827 3.9986
1828 3.4631
1829 2.6662
1830 2.6691
1831 3.9661
1832 2.4791
1833 2.675
1834 2.2007
1835 2.6558
1836 2.4625
1837 2.4578
1838 2.7816
1839 2.1881
1840 3.4692
1841 2.3802
1842 2.2015
1843 2.4686
1844 2.4561
1845 2.655
1846 2.003
1847 2.4601
1848 2.3195
1849 2.1931
1850 2.3171
1851 2.6699
1852 2.4825
1853 2.6865
1854 2.1439
1855 2.6831
1856 2.3893
1857 2.4102
1858 2.4655
1859 1.9418
1860 2.4035
1861 2.1405
1862 2.2085
1863 2.4051
1864 2.2084
1865 2.4107
1866 2.4936
1867 2.4875
1868 2.4673
1869 2.2084
1870 3.4983
1871 2.4097
1872 2.8063
1873 2.0703
1874 2.2825
1875 2.2709
1876 2.2645
1877 2.0746
1878 2.2162
1879 1.9321
1880 2.2185
1881 2.1425
1882 2.2325
1883 2.1688
1884 2.2275
1885 1.9483
1886 2.0978
1887 2.4252
1888 2.076
1889 2.0928
1890 1.8149
1891 2.0773
1892 2.2095
1893 2.1483
1894 2.2116
1895 2.0793
1896 2.3519
1897 3.4725
1898 3.0068
1899 2.3307
1900 2.1317
1901 3.0081
1902 2.3475
1903 2.4836
1904 2.0155
1905 2.3246
1906 1.9312
1907 2.0066
1908 2.6617
1909 2.0694
1910 3.0197
1911 2.0537
1912 2.0474
1913 1.9806
1914 2.053
1915 1.9765
1916 1.9165
1917 2.247
1918 2.1248
1919 1.9281
1920 1.8631
1921 2.1253
1922 2.6518
1923 2.7829
1924 2.0595
1925 2.6678
1926 1.9958
1927 2.0673
1928 2.6645
1929 1.9281
1930 2.2643
1931 1.9314
1932 2.1601
1933 2.296
1934 2.0809
1935 2.1486
1936 2.0154
1937 2.079
1938 2.4159
1939 2.1485
1940 3.0749
1941 2.1466
1942 3.0543
1943 2.0671
1944 2.1977
1945 2.0607
1946 2.2695
1947 2.2118
1948 2.4799
1949 2.4614
1950 2.667
1951 2.0073
1952 2.4737
1953 2.3376
1954 2.2051
1955 2.3338
1956 2.6674
1957 2.2094
1958 2.4095
1959 2.0396
1960 2.3901
1961 2.3125
1962 2.3221
1963 2.1823
1964 1.8487
1965 2.3053
1966 2.0619
1967 2.1844
1968 2.3805
1969 2.1811
1970 2.4063
1971 2.4693
1972 2.471
1973 2.4704
1974 2.2013
1975 3.4287
1976 2.3953
1977 2.4678
1978 2.0016
1979 2.2039
1980 2.1956
1981 2.2044
1982 2.0606
1983 2.2629
1984 2.1317
1985 2.2546
1986 2.4005
1987 2.4055
1988 2.0514
1989 1.9206
1990 2.3843
1991 2.1369
1992 2.784
1993 2.0625
1994 2.2745
1995 2.2688
1996 2.0782
1997 2.2787
1998 2.0725
1999 2.2676
2000 2.2619
2001 2.2771
2002 2.2028
2003 2.1851
2004 2.2523
2005 2.2566
2006 2.1847
2007 2.1975
2008 2.0511
2009 2.2541
2010 2.045
2011 2.2628
2012 2.2809
2013 3.0994
2014 2.4602
2015 3.0342
2016 2.8239
2017 3.0956
2018 2.4826
2019 2.7935
2020 2.4064
2021 2.4755
2022 2.3384
2023 2.0778
2024 2.409
2025 2.0064
2026 2.4784
2027 2.6919
2028 3.5096
2029 2.678
2030 3.5086
2031 2.4056
2032 3.1078
2033 2.6556
2034 2.2108
2035 2.6591
2036 2.06
2037 2.7864
2038 2.5909
2039 3.4601
2040 2.3327
2041 2.9791
2042 2.6665
2043 2.4553
2044 2.4421
2045 2.4005
2046 3.0469
2047 2.2821
2048 2.0575
2049 2.0677
2050 1.9867
2051 2.0041
2052 2.0718
2053 2.0828
2054 2.0083
2055 2.054
2056 2.4277
2057 2.4915
2058 2.3576
2059 2.0131
2060 2.4322
2061 2.083
2062 2.4914
2063 2.3562
2064 2.4628
2065 2.0023
2066 2.4618
2067 2.069
2068 2.4073
2069 2.2634
2070 1.9396
2071 2.3158
2072 2.0112
2073 2.4582
2074 1.943
2075 2.4612
2076 2.0047
2077 2.3339
2078 2.024
2079 2.0833
2080 2.0108
2081 2.0815
2082 2.4107
2083 2.0683
2084 2.1464
2085 2.1933
2086 2.0591
2087 2.0634
2088 2.1235
2089 1.9369
2090 2.1925
2091 2.3201
2092 2.9812
2093 2.6888
2094 3.0107
2095 2.3567
2096 2.683
2097 2.2682
2098 2.2178
2099 2.3328
2100 2.0216
2101 2.4709
2102 2.5925
2103 2.994
2104 2.2632
2105 2.5927
2106 2.6507
2107 2.4493
2108 2.4473
2109 2.3528
2110 2.6901
2111 2.2009
2112 2.6709
2113 2.6807
2114 1.9995
2115 2.6825
2116 1.9896
2117 2.6364
2118 2.56
2119 2.0555
2120 2.6291
2121 2.0646
2122 2.776
2123 1.9041
2124 2.6623
2125 1.9295
2126 2.5939
2127 1.9983
2128 1.9977
2129 2.0627
2130 2.0067
2131 2.6711
2132 2.0536
2133 3.0054
2134 2.1395
2135 3.0023
2136 2.0615
2137 3.0709
2138 2.6538
2139 3.9765
2140 2.4633
2141 3.4344
2142 2.6546
2143 2.3939
2144 2.3828
2145 2.4852
2146 3.4837
2147 2.2711
2148 2.0819
2149 3.007
2150 2.0009
2151 3.0042
2152 2.1459
2153 2.0679
2154 2.2654
2155 2.0709
2156 3.0613
2157 2.1904
2158 2.6721
2159 2.3321
2160 2.337
2161 2.4779
2162 3.4815
2163 2.2126
2164 2.398
2165 2.4029
2166 2.2686
2167 2.2716
2168 2.2493
2169 2.0632
2170 2.183
2171 2.0692
2172 2.2614
2173 2.2036
2174 2.1952
2175 2.2507
2176 2.1302
2177 2.4007
2178 2.1295
2179 2.139
2180 2.2486
2181 2.1436
2182 2.3994
2183 2.0635
2184 2.1848
2185 1.9382
2186 2.1898
2187 1.9543
2188 2.1199
2189 2.0412
2190 2.0818
2191 2.1948
2192 2.0979
2193 2.4123
2194 1.9277
2195 2.2639
2196 1.9338
2197 2.1321
2198 2.0637
2199 2.2052
2200 2.1379
2201 2.0626
2202 2.2741
2203 2.1382
2204 2.1396
2205 2.4022
2206 2.1379
2207 2.2652
2208 2.2582
2209 2.1313
2210 2.3817
2211 2.3268
2212 3.0049
2213 2.6699
2214 3.0072
2215 2.3388
2216 2.6417
2217 2.3418
2218 2.4194
2219 2.4795
2220 2.2135
2221 2.6928
2222 2.6752
2223 3.0762
2224 2.3354
2225 2.6442
2226 2.762
2227 2.6154
2228 2.6174
2229 2.4405
2230 2.772
2231 2.3614
2232 2.3379
2233 2.3343
2234 1.9364
2235 2.3306
2236 1.864
2237 2.3292
2238 2.3388
2239 2.2051
2240 2.4667
2241 2.1336
2242 2.669
2243 1.9356
2244 2.402
2245 1.8685
2246 2.339
2247 2.0572
2248 2.1272
2249 2.1876
2250 1.9908
2251 2.4488
2252 2.1212
2253 2.5794
2254 2.0542
2255 2.5758
2256 1.926
2257 2.6372
2258 2.6085
2259 3.4768
2260 2.3485
2261 2.9963
2262 2.6098
2263 2.3186
2264 2.3097
2265 2.3334
2266 2.9817
2267 2.1207
2268 2.0608
2269 2.6668
2270 1.936
2271 2.6553
2272 2.1911
2273 2.1919
2274 2.3884
2275 2.0581
2276 2.7858
2277 2.2554
2278 2.6855
2279 2.2975
2280 2.3262
2281 2.3615
2282 3.0666
2283 2.1204
2284 2.4397
2285 2.4684
2286 2.4281
2287 2.2851
2288 1.9207
2289 2.2072
2290 1.9151
2291 2.1371
2292 2.0687
2293 2.0633
2294 2.1915
2295 1.8649
2296 1.9947
2297 1.9269
2298 1.9975
2299 1.8647
2300 1.9269
2301 1.8586
2302 2.0622
2303 1.9815
2304 1.9947
2305 2.1914
2306 1.9231
2307 2.0488
2308 1.8556
2309 1.9217
2310 2.046
2311 2.2094
2312 2.1509
2313 2.0029
2314 2.086
2315 2.0772
2316 2.3718
2317 2.3767
2318 1.8816
2319 2.3729
2320 1.9389
2321 2.3585
2322 2.3626
2323 2.1445
2324 2.4811
2325 2.2107
2326 2.6919
2327 1.8772
2328 2.4028
2329 1.9284
2330 2.3322
2331 2.011
2332 2.1399
2333 2.1384
2334 2.073
2335 2.4768
2336 2.2008
2337 2.2624
2338 1.8012
2339 2.2666
2340 1.8738
2341 2.3293
2342 1.9282
2343 2.4576
2344 2
2345 2.3479
2346 1.9462
2347 1.9499
2348 1.8895
2349 1.9961
2350 2.344
2351 1.9394
2352 1.8203
2353 2.3538
2354 1.8745
2355 2.3568
2356 1.9587
2357 2.0995
2358 2.1702
2359 2.0129
2360 2.4952
2361 2.2092
2362 1.9935
2363 1.9296
2364 1.8634
2365 2.0678
2366 2.4006
2367 1.9377
2368 2.0585
2369 2.0042
2370 2.1372
2371 2.0611
2372 2.0872
2373 2.0851
2374 1.9494
2375 2.0847
2376 1.8087
2377 2.0823
2378 2.0578
2379 2.2004
2380 2.2042
2381 2.0706
2382 2.401
2383 1.9226
2384 2.1235
2385 1.789
2386 2.0532
2387 2.0611
2388 2.1268
2389 2.1935
2390 1.9335
2391 2.1977
2392 2.0659
2393 2.2738
2394 2.0726
2395 2.2493
2396 1.8529
2397 2.3079
2398 2.6003
2399 2.9966
2400 2.2658
2401 2.5826
2402 2.6399
2403 2.3622
2404 2.3671
2405 2.2976
2406 2.6449
2407 2.0923
2408 2.0701
2409 2.3427
2410 1.874
2411 2.3414
2412 2.204
2413 2.1947
2414 2.3952
2415 2.0055
2416 2.4729
2417 2.1967
2418 2.6806
2419 2.3142
2420 2.3328
2421 2.3154
2422 2.6691
2423 2.0655
2424 2.4573
2425 2.4461
2426 2.3996
2427 2.1803
2428 2.6073
2429 1.9425
2430 2.5982
2431 1.9446
2432 2.6728
2433 1.943
2434 2.6845
2435 1.9353
2436 2.6195
2437 1.9376
2438 1.8679
2439 1.9398
2440 1.9345
2441 2.6152
2442 1.9344
2443 1.9394
2444 2.6772
2445 1.9284
2446 2.6777
2447 2.0745
2448 2.1423
2449 2.279
2450 2.0809
2451 2.769
2452 2.2878
2453 2.0007
2454 1.8804
2455 1.9315
2456 2.0124
2457 2.6314
2458 1.9499
2459 2.0141
2460 2.0835
2461 2.1467
2462 2.0864
2463 2.0771
2464 3.011
2465 2.0139
2466 3.0202
2467 2.0735
2468 1.9385
2469 2.1431
2470 2.005
2471 3.019
2472 2.0746
2473 2.6543
2474 2.3238
2475 2.3176
2476 2.4533
2477 3.4425
2478 2.1856
2479 2.3228
2480 2.3166
2481 2.1254
2482 2.203
2483 2.1326
2484 1.9301
2485 2.1312
2486 2.0724
2487 3.0796
2488 2.071
2489 2.0511
2490 2.2581
2491 2.2534
2492 2.1961
2493 2.3821
2494 2.3793
2495 2.1121
2496 2.2528
2497 2.2474
2498 2.2772
2499 2.2047
2500 2.2206
2501 2.0586
2502 2.2875
2503 2.0563
2504 2.2294
2505 2.2915
2506 2.2688
2507 2.416
2508 2.1151
2509 2.1237
2510 2.1122
2511 2.1263
2512 2.3799
2513 2.1766
2514 2.2451
2515 2.0546
2516 2.2002
2517 2.0619
2518 2.2509
2519 2.0638
2520 2.0594
2521 2.0638
2522 2.0563
2523 2.3859
2524 1.9348
2525 2.2075
2526 1.9296
2527 2.145
2528 1.9277
2529 2.1924
2530 2.1332
2531 1.925
2532 2.1404
2533 2.1305
2534 2.2383
2535 2.3728
2536 2.1042
2537 2.2541
2538 2.1165
2539 2.1288
2540 2.3728
2541 2.4558
2542 3.075
2543 2.8229
2544 3.0297
2545 2.4837
2546 2.8222
2547 2.3406
2548 2.4088
2549 2.3471
2550 2.1767
2551 2.6366
2552 2.6312
2553 2.9609
2554 2.3055
2555 2.642
2556 2.6354
2557 2.6573
2558 2.6678
2559 2.3209
2560 2.6659
2561 2.3992
2562 2.4735
2563 2.4041
2564 2.0687
2565 2.3213
2566 1.9925
2567 2.4657
2568 2.3236
2569 2.205
2570 2.3255
2571 2.1326
2572 2.6695
2573 1.9343
2574 2.3353
2575 1.8659
2576 2.3427
2577 1.9355
2578 2.1385
2579 2.2125
2580 1.8671
2581 2.3436
2582 2.1405
2583 2.6719
2584 2.2006
2585 2.6104
2586 2.0733
2587 2.8082
2588 2.6561
2589 3.4706
2590 2.3879
2591 3.0575
2592 2.6034
2593 2.458
2594 2.4552
2595 2.3252
2596 2.9854
2597 2.2655
2598 2.0566
2599 2.5795
2600 1.932
2601 2.6392
2602 2.0621
2603 2.198
2604 2.405
2605 1.9385
2606 2.6718
2607 2.2779
2608 2.5784
2609 2.3181
2610 2.33
2611 2.3223
2612 3.0124
2613 2.1349
2614 2.3442
2615 2.3396
2616 2.3983
2617 2.1332
2618 2.2692
2619 2.4652
2620 2.051
2621 2.3883
2622 1.985
2623 2.3258
2624 2.4522
2625 2.1779
2626 2.1849
2627 2.2558
2628 2.0521
2629 2.2146
2630 2.2729
2631 2.0066
2632 2.3568
2633 1.9401
2634 2.2928
2635 2.4853
2636 2.0768
2637 2.0752
2638 2.0171
2639 2.09
2640 2.0078
2641 2.4995
2642 2.4392
2643 1.939
2644 2.0119
2645 2.3704
2646 3.4905
2647 3.0904
2648 2.4051
2649 2.6817
2650 2.6604
2651 3.4917
2652 3.0255
2653 2.6623
2654 2.7032
2655 2.9918
2656 4.0441
2657 2.1355
2658 2.6998
2659 2.331
2660 3.0406
2661 2.0189
2662 2.701
2663 2.6959
2664 2.1582
2665 2.6791
2666 3.0383
2667 3.0087
2668 2.3519
2669 2.5976
2670 2.5962
2671 3.4662
2672 2.2696
2673 2.803
2674 2.4678
2675 3.0708
2676 2.0617
2677 2.4557
2678 2.3866
2679 2.1853
2680 2.6618
2681 2.6402
2682 2.0682
2683 2.6086
2684 2.2669
2685 3.0161
2686 1.9298
2687 2.5861
2688 2.6568
2689 2.0685
2690 2.682
2691 3.0013
2692 2.0614
2693 2.1787
2694 2.1159
2695 2.2035
2696 2.7019
2697 2.3286
2698 2.0565
2699 1.9937
2700 2.6262
2701 2.1355
2702 2.3985
2703 2.2614
2704 2.2648
2705 2.131
2706 2.1274
2707 2.402
2708 2.1983
2709 2.4832
2710 2.1443
2711 2.3501
2712 2.6851
2713 2.0697
2714 2.1368
2715 1.9366
2716 2.2034
2717 2.0004
2718 2.4174
2719 2.4823
2720 1.8681
2721 2.1313
2722 2.35
2723 2.4801
2724 2.4181
2725 2.3377
2726 2.2055
2727 2.6737
2728 2.8043
2729 3.0673
2730 2.4673
2731 2.7985
2732 2.6717
2733 2.6552
2734 2.6675
2735 2.3304
2736 2.681
2737 2.3984
2738 2.203
2739 2.3473
2740 2.0001
2741 2.4639
2742 2.1269
2743 2.4665
2744 2.6684
2745 1.93
2746 2.3965
2747 2.4715
2748 2.6433
2749 2.4503
2750 2.4613
2751 2.3126
2752 2.6561
2753 2.1949
2754 2.3829
2755 2.3939
2756 2.6934
2757 2.1471
2758 3.4408
2759 2.4683
2760 2.9767
2761 2.6568
2762 3.9637
2763 2.2569
2764 3.0401
2765 2.4172
2766 3.4352
2767 2.0588
2768 2.3975
2769 2.457
2770 2.1487
2771 2.9998
2772 2.6558
2773 2.1989
2774 3.0123
2775 2.3388
2776 3.4716
2777 2.0623
2778 2.6726
2779 2.7993
2780 2.1296
2781 3.0419
2782 3.0712
2783 2.0597
2784 2.1335
2785 2.1905
2786 2.1424
2787 2.9781
2788 2.3509
2789 1.9984
2790 2.0585
2791 2.6842
2792 2.141
2793 2.4079
2794 3.4457
2795 2.4774
2796 3.9784
2797 2.2033
2798 2.4827
2799 2.6787
2800 2.2083
2801 3.4488
2802 2.7775
2803 2.7761
2804 2.646
2805 2.6562
2806 2.6339
2807 3.9809
2808 2.6778
2809 2.4757
2810 2.4821
2811 2.6915
2812 2.4073
2813 2.2114
2814 2.2158
2815 2.4196
2816 2.2034
2817 3.5059
2818 2.4699
2819 2.0762
2820 2.2839
2821 2.8133
2822 2.2694
2823 2.4586
2824 2.4586
2825 2.3817
2826 2.4001
2827 2.2575
2828 2.0732
2829 2.4948
2830 2.0012
2831 2.4272
2832 2.0686
2833 2.3528
2834 2.4876
2835 2.0129
2836 2.0647
2837 2.0585
2838 1.9921
2839 1.9907
2840 2.0738
2841 1.9345
2842 2.3395
2843 2.0057
2844 2.2717
2845 2.4811
2846 1.9967
2847 2.0555
2848 1.9369
2849 1.9936
2850 2.0748
2851 2.4801
2852 2.4266
2853 2.0043
2854 2.0851
2855 2.3561
2856 2.1953
2857 2.1261
2858 1.9271
2859 2.0561
2860 1.9235
2861 2.1961
2862 2.1276
2863 2.3355
2864 2.1963
2865 2.3319
2866 2.6724
2867 1.8694
2868 2.1316
2869 1.8673
2870 2.132
2871 1.9423
2872 2.3426
2873 2.3423
2874 1.9315
2875 2.1991
2876 2.3479
2877 2.0854
2878 1.8806
2879 2.0118
2880 1.887
2881 2.22
2882 1.9581
2883 2.2194
2884 1.9478
2885 2.1443
2886 1.8877
2887 2.023
2888 1.9481
2889 1.8774
2890 2.0438
2891 1.9258
2892 1.7844
2893 2.0451
2894 1.7956
2895 2.106
2896 1.8626
2897 2.2616
2898 2.3589
2899 1.8779
2900 2.2093
2901 2.3581
2902 1.9383
2903 1.9521
2904 1.8711
2905 1.9453
2906 2.1283
2907 1.8665
2908 2.0186
2909 1.9376
2910 2.3424
2911 1.913
2912 2.1978
2913 2.1333
2914 2.0665
2915 2.0636
2916 1.933
2917 2.1886
2918 2.1309
2919 2.4583
2920 2.1983
2921 2.3091
2922 2.639
2923 1.9836
2924 2.1285
2925 1.8571
2926 2.1181
2927 2.0516
2928 2.3895
2929 2.4672
2930 1.9192
2931 2.1974
2932 2.3348
2933 2.3668
2934 2.2252
2935 2.2967
2936 2.0165
2937 2.4887
2938 2.6598
2939 2.989
2940 2.3301
2941 2.6637
2942 2.5872
2943 2.4649
2944 2.4572
2945 2.2686
2946 2.5775
2947 2.1991
2948 2.1217
2949 2.3103
2950 1.9308
2951 2.3777
2952 2.1788
2953 2.4509
2954 2.6357
2955 1.9914
2956 2.4333
2957 2.4483
2958 2.6678
2959 2.4047
2960 2.401
2961 2.3593
2962 2.6648
2963 2.1456
2964 2.4924
2965 2.4719
2966 2.6771
2967 2.2165
2968 2.3315
2969 2.0008
2970 2.2596
2971 1.9403
2972 2.4638
2973 1.9348
2974 2.3287
2975 1.8743
2976 2.3549
2977 1.8758
2978 1.9305
2979 2.0044
2980 1.8031
2981 2.2912
2982 1.9317
2983 1.9303
2984 2.348
2985 1.8759
2986 2.4242
2987 2.0204
2988 2.3274
2989 2.4665
2990 1.9538
2991 2.5021
2992 2.4142
2993 1.9454
2994 1.8824
2995 1.9515
2996 1.8665
2997 2.339
2998 1.8726
2999 1.9381
3000 2.0002
3001 2.3206
3002 1.933
3003 2.0617
3004 2.6033
3005 1.9278
3006 2.6687
3007 1.997
3008 1.9854
3009 2.1876
3010 1.8542
3011 2.5874
3012 2.0603
3013 2.5855
3014 2.3208
3015 2.3404
3016 2.3487
3017 2.9969
3018 2.1279
3019 2.2871
3020 2.2675
3021 2.199
3022 2.0622
3023 2.0654
3024 1.9378
3025 2.1401
3026 1.9393
3027 2.677
3028 2.0074
3029 2.005
3030 2.2073
3031 2.4736
3032 2.0746
3033 2.3425
3034 2.3563
3035 2.1547
3036 2.1519
3037 2.2264
3038 2.187
3039 2.0542
3040 2.1241
3041 1.9376
3042 2.058
3043 2.199
3044 2.0818
3045 2.6696
3046 2.0824
3047 2.5976
3048 2.8053
3049 2.0116
3050 1.9984
3051 1.9409
3052 2.0729
3053 1.9913
3054 2.6818
3055 2.6823
3056 1.9307
3057 2.0627
3058 2.6181
3059 1.9974
3060 2.0688
3061 1.8655
3062 2.0023
3063 2.2044
3064 2.0565
3065 2.0545
3066 1.99
3067 2.0647
3068 1.9359
3069 2.198
3070 2.128
3071 1.8684
3072 1.9339
3073 2.0605
3074 1.9389
3075 1.9436
3076 1.8714
3077 2.0742
3078 1.9358
3079 2.596
3080 2.6629
3081 1.8712
3082 2.0731
3083 2.5983
3084 2.0045
3085 2.0683
3086 1.9983
3087 1.9351
3088 2.0001
3089 1.9321
3090 2.0678
3091 1.9983
3092 2.6678
3093 1.9321
3094 3.0262
3095 2.3487
3096 2.5911
3097 2.6163
3098 3.4595
3099 2.1346
3100 2.6613
3101 2.3484
3102 2.9932
3103 1.9167
3104 2.3151
3105 2.3279
3106 2.0519
3107 2.6071
3108 2.5985
3109 2.1256
3110 2.6718
3111 2.3244
3112 3.041
3113 2.0387
3114 2.946
3115 3.0111
3116 2.1844
3117 2.7707
3118 3.4328
3119 1.9949
3120 2.1269
3121 2.1292
3122 2.1282
3123 2.6629
3124 2.3291
3125 2.0502
3126 2.0525
3127 2.9843
3128 2.1919
3129 2.0707
3130 2.6115
3131 2.2764
3132 3.0123
3133 1.8669
3134 2.2651
3135 2.332
3136 2.0087
3137 2.6077
3138 2.6065
3139 2.0808
3140 2.2131
3141 2.1369
3142 2.2182
3143 2.6772
3144 2.3225
3145 1.9925
3146 1.9304
3147 2.3185
3148 2.0633
3149 1.9271
3150 2.0538
3151 2.1229
3152 2.0779
3153 2.6692
3154 2.3553
3155 2.0025
3156 2.0718
3157 3.0121
3158 2.2249
3159 2.0525
3160 1.9994
3161 2.1454
3162 2.1434
3163 2.0758
3164 2.2126
3165 2.2102
3166 2.0791
3167 2.0747
3168 2.4147
3169 2.0773
3170 2.1322
3171 1.9271
3172 2.1685
3173 1.9451
3174 2.1214
3175 2.1673
3176 1.814
3177 2.0554
3178 2.0362
3179 2.0727
3180 2.1438
3181 1.9377
3182 2.2814
3183 2.0665
3184 2.6666
3185 2.8068
3186 1.9315
3187 2.2403
3188 2.6605
3189 1.9765
3190 1.9868
3191 2.0429
3192 1.8579
3193 2.1035
3194 1.9243
3195 1.9907
3196 2.065
3197 2.6662
3198 1.9327
3199 2.2042
3200 2.3392
3201 2.0036
3202 2.4718
3203 2.0712
3204 2.2037
3205 2.3815
3206 1.8633
3207 2.3272
3208 2.1874
3209 2.6428
3210 2.4415
3211 2.4479
3212 2.3173
3213 2.6546
3214 2.1985
3215 2.3248
3216 2.327
3217 2.3978
3218 2.0642
3219 2.1393
3220 2.0741
3221 2.2742
3222 1.941
3223 2.3748
3224 2.0551
3225 2.0518
3226 2.2393
3227 2.7749
3228 2.0478
3229 2.4124
3230 2.3794
3231 2.2526
3232 2.1373
3233 2.2756
3234 2.2085
3235 3.0072
3236 2.3449
3237 3.4754
3238 2.0085
3239 2.3459
3240 2.4273
3241 2.0495
3242 2.9761
3243 2.6323
3244 2.0487
3245 2.1077
3246 2.1717
3247 2.1191
3248 3.0056
3249 2.3367
3250 1.9366
3251 2.002
3252 2.333
3253 2.0746
3254 2.0616
3255 2.1268
3256 2.2598
3257 2.1293
3258 3.0964
3259 2.3944
3260 2.0634
3261 2.2065
3262 3.0609
3263 2.2521
3264 2.0047
3265 2.0671
3266 2.1289
3267 2.1426
3268 2.0533
3269 2.2074
3270 2.2034
3271 2.4011
3272 2.2171
3273 3.488
3274 2.4651
3275 2.0075
3276 2.2147
3277 2.4703
3278 2.2057
3279 2.4565
3280 2.4743
3281 2.4008
3282 2.3984
3283 2.1892
3284 2.0453
3285 2.2423
3286 2.241
3287 2.2484
3288 2.1624
3289 2.2644
3290 2.2109
3291 2.2851
3292 2.0638
3293 2.188
3294 2.2692
3295 2.2619
3296 2.2038
3297 2.0591
3298 2.2561
3299 2.259
3300 2.1835
3301 2.0692
3302 2.2715
3303 2.0786
3304 2.2054
3305 2.1325
3306 2.4065
3307 2.1391
3308 2.4085
3309 2.1485
3310 2.1438
3311 2.0705
3312 1.9413
3313 2.1345
3314 1.9422
3315 2.2094
3316 2.0653
3317 2.3953
3318 2.0662
3319 2.0665
3320 2.1218
3321 2.2054
3322 1.9493
3323 2.1236
3324 2.1299
3325 1.9511
3326 2.2609
3327 2.2739
3328 2.1894
3329 2.2018
3330 2.2659
3331 2.0703
3332 2.2065
3333 2.4075
3334 3.4712
3335 3.0687
3336 3.4687
3337 2.663
3338 2.6411
3339 2.3448
3340 2.2903
3341 2.4178
3342 2.0864
3343 2.4867
3344 2.9927
3345 3.4927
3346 2.6192
3347 2.6364
3348 3.088
3349 2.8205
3350 2.4991
3351 2.6839
3352 2.7011
3353 2.2062
3354 2.4213
3355 2.4903
3356 2.0776
3357 2.4912
3358 2.0076
3359 2.3606
3360 2.355
3361 2.0559
3362 2.405
3363 1.994
3364 2.4571
3365 1.9986
3366 2.4715
3367 1.9367
3368 2.2662
3369 2.0691
3370 2.0575
3371 1.9949
3372 1.9963
3373 2.3381
3374 1.9283
3375 2.6724
3376 2.1289
3377 2.6705
3378 1.9959
3379 2.6693
3380 2.9836
3381 3.9777
3382 2.6567
3383 3.016
3384 2.9849
3385 2.6564
3386 2.3475
3387 2.6446
3388 3.0328
3389 2.1544
3390 2.0734
3391 2.6716
3392 1.9336
3393 2.6164
3394 2.1278
3395 2.0722
3396 2.2092
3397 2.0096
3398 2.6803
3399 2.0698
3400 3.0303
3401 2.6233
3402 2.261
3403 2.6874
3404 2.9884
3405 2.0601
3406 2.654
3407 2.3264
3408 2.1927
3409 2.135
3410 2.0678
3411 2.0747
3412 1.9998
3413 2.0669
3414 2.0735
3415 2.0035
3416 2.0007
3417 1.942
3418 2.2066
3419 2.1414
3420 2.2094
3421 2.0736
3422 1.9357
3423 1.8676
3424 1.9297
3425 1.9333
3426 1.8658
3427 2.0053
3428 2.0597
3429 2.1963
3430 1.9958
3431 1.8803
3432 2.1355
3433 2.1954
3434 1.9258
3435 2.0646
3436 1.9325
3437 1.8549
3438 2.4165
3439 2.4931
3440 2.0076
3441 2.4739
3442 2.0691
3443 2.3421
3444 2.3425
3445 1.9992
3446 2.4057
3447 2.0669
3448 2.4718
3449 1.9385
3450 2.4692
3451 2.0034
3452 2.2798
3453 2.0052
3454 2.0741
3455 1.9506
3456 2.0702
3457 2.3466
3458 2.0156
3459 2.3331
3460 1.8676
3461 2.33
3462 1.9364
3463 2.3328
3464 2.1353
3465 2.6653
3466 2.2041
3467 2.3266
3468 2.1432
3469 2.1457
3470 1.8701
3471 2.2133
3472 2.3268
3473 1.9402
3474 1.8025
3475 2.3193
3476 1.8706
3477 2.2513
3478 1.8661
3479 1.9467
3480 1.9383
3481 1.9347
3482 2.3154
3483 2.0069
3484 2.1359
3485 2.0905
3486 1.8019
3487 2.2288
3488 2.3443
3489 1.8652
3490 2.1598
3491 1.8712
3492 1.9156
3493 1.9345
3494 2.1516
3495 2.2248
3496 2.0818
3497 2.2221
3498 1.9423
3499 2.0829
3500 2.0899
3501 2.0756
3502 2.1502
3503 1.9293
3504 2.206
3505 1.9917
3506 2.196
3507 1.8571
3508 2.0057
3509 2.0612
3510 2.0565
3511 2.0027
3512 1.9266
3513 2.0702
3514 1.8627
3515 2.367
3516 2.1642
3517 2.3658
3518 1.9506
3519 2.3579
3520 3.0786
3521 3.4463
3522 2.5891
3523 2.6027
3524 2.9857
3525 2.6588
3526 2.3401
3527 2.5888
3528 2.6024
3529 2.0695
3530 2.0663
3531 2.3296
3532 1.8682
3533 2.2654
3534 2.1257
3535 2.0685
3536 2.2003
3537 1.9337
3538 2.3271
3539 1.9897
3540 3.0169
3541 2.6119
3542 2.2513
3543 2.6121
3544 2.5829
3545 1.9849
3546 2.7057
3547 2.339
3548 2.2039
3549 2.0771
3550 2.682
3551 2.0003
3552 2.6826
3553 2.0182
3554 2.6752
3555 2.0499
3556 2.78
3557 2.0514
3558 2.5848
3559 2.0561
3560 1.987
3561 1.9255
3562 2.0576
3563 2.591
3564 1.9297
3565 1.9286
3566 2.6492
3567 1.9287
3568 2.5823
3569 1.9959
3570 1.9981
3571 2.0616
3572 1.996
3573 2.6654
3574 2.0667
3575 2.0728
3576 1.9395
3577 1.8717
3578 2.0657
3579 2.5943
3580 1.8646
3581 2.0128
3582 1.9589
3583 1.9606
3584 1.9423
3585 2.1423
3586 3.0721
3587 2.0628
3588 3.0066
3589 2.1421
3590 1.9989
3591 2.1354
3592 2.0708
3593 3.0047
3594 2.0709
3595 3.0587
3596 2.6601
3597 2.3476
3598 2.7935
3599 3.447
3600 2.193
3601 2.6552
3602 2.3202
3603 2.1187
3604 2.1947
3605 2.1287
3606 1.9258
3607 2.0635
3608 2.052
3609 2.9949
3610 1.9868
3611 1.9933
3612 2.131
3613 2.0591
3614 2.057
3615 2.686
3616 2.3239
3617 2.058
3618 2.1868
3619 2.1232
3620 2.2746
3621 2.7941
3622 2.4753
3623 3.0825
3624 2.8225
3625 3.0097
3626 2.4817
3627 2.0803
3628 2.4732
3629 2.4049
3630 2.4497
3631 2.3115
3632 2.0003
3633 2.2053
3634 2.6839
3635 2.4781
3636 2.6147
3637 2.4889
3638 2.6737
3639 2.8126
3640 2.6083
3641 2.0804
3642 3.0466
3643 3.4447
3644 2.3928
3645 2.9812
3646 2.2692
3647 2.323
3648 2.2755
3649 2.4143
3650 2.1412
3651 2.4144
3652 2.1321
3653 2.135
3654 2.3811
3655 2.6459
3656 2.6421
3657 2.6505
3658 2.6558
3659 2.3034
3660 2.6371
3661 2.308
3662 2.2028
3663 2.651
3664 2.9657
3665 2.3114
3666 2.6497
3667 2.3964
3668 2.3101
3669 2.2064
3670 1.9356
3671 2.2108
3672 1.9463
3673 2.1303
3674 2.3508
3675 2.6889
3676 2.3615
3677 2.1329
3678 2.3733
3679 2.3701
3680 1.8838
3681 2.3583
3682 2.1408
3683 1.8688
3684 2.0833
3685 2.4059
3686 2.0772
3687 2.2211
3688 2.3455
3689 2.6078
3690 2.3415
3691 2.3424
3692 2.4199
3693 2.3384
3694 2.6757
3695 2.6124
3696 1.9494
3697 2.669
3698 2.2718
3699 1.9427
3700 3.0125
3701 2.1482
3702 2.3767
3703 2.1375
3704 2.2639
3705 2.3872
3706 2.2677
3707 2.3807
3708 2.1381
3709 2.1341
3710 2.3924
3711 2.7937
3712 2.65
3713 2.6636
3714 2.659
3715 2.4559
3716 2.6512
3717 2.3258
3718 2.1916
3719 2.8064
3720 3.0868
3721 2.4669
3722 2.6787
3723 2.3877
3724 2.3392
3725 2.4764
3726 2.2829
3727 2.4627
3728 2.0645
3729 2.3981
3730 3.4736
3731 4.0028
3732 3.0011
3733 2.6679
3734 3.4724
3735 3.0128
3736 2.3825
3737 2.9508
3738 2.6562
3739 2.1164
3740 2.3892
3741 2.6632
3742 2.1929
3743 2.4629
3744 2.6678
3745 2.7956
3746 2.6646
3747 2.4717
3748 2.6728
3749 2.4685
3750 4.0322
3751 3.4951
3752 2.4784
3753 3.4963
3754 2.8139
3755 2.2127
3756 3.9758
3757 2.6821
3758 2.6664
3759 2.4194
3760 2.4729
3761 2.0753
3762 2.4821
3763 2.0101
3764 2.4049
3765 2.2135
3766 2.6844
3767 2.1437
3768 2.3423
3769 2.2168
3770 2.1414
3771 1.9376
3772 2.147
3773 2.3423
3774 1.8699
3775 2.1809
3776 2.659
3777 2.1213
3778 2.4657
3779 2.4626
3780 2.6534
3781 2.4611
3782 2.4084
3783 2.6875
3784 2.4163
3785 2.4723
3786 2.3361
3787 2.0082
3788 2.3916
3789 2.4735
3790 1.9294
3791 2.6891
3792 2.2081
3793 2.3138
3794 2.1451
3795 2.2059
3796 2.8194
3797 2.0766
3798 2.6583
3799 2.1979
3800 2.0664
3801 2.1317
3802 2.067
3803 2.6585
3804 2.0008
3805 3.4764
3806 2.9298
3807 2.318
3808 3.0056
3809 3.0642
3810 2.1214
3811 2.9359
3812 2.3241
3813 2.1432
3814 2.1266
3815 2.4296
3816 2.2278
3817 2.2327
3818 2.2822
3819 2.8327
3820 2.0853
3821 2.4698
3822 2.4001
3823 2.4658
3824 2.2667
3825 3.4637
3826 2.4708
3827 2.2054
3828 2.2691
3829 2.3863
3830 2.0615
3831 2.2028
3832 2.132
3833 2.2029
3834 2.0669
3835 1.9307
3836 2.1848
3837 2.6368
3838 2.4545
3839 2.5629
3840 2.4412
3841 2.2956
3842 2.4359
3843 2.2303
3844 1.9817
3845 2.6456
3846 3.0056
3847 2.3429
3848 2.6155
3849 2.2203
3850 2.273
3851 2.0057
3852 1.9387
3853 2.012
3854 1.8629
3855 1.9196
3856 2.3299
3857 2.4597
3858 2.2692
3859 1.9277
3860 2.3336
3861 2.3363
3862 1.8749
3863 2.2643
3864 1.9364
3865 1.807
3866 2.051
3867 2.1804
3868 1.9831
3869 1.9877
3870 2.3202
3871 2.5776
3872 2.3114
3873 2.2552
3874 2.1859
3875 2.2464
3876 2.6594
3877 2.5923
3878 1.9415
3879 2.6098
3880 2.0727
3881 1.8739
3882 2.9948
3883 2.1321
3884 2.3324
3885 2.0645
3886 2.4571
3887 2.0037
3888 2.4875
3889 2.0717
3890 2.4202
3891 2.1448
3892 2.6969
3893 2.2128
3894 2.3574
3895 2.1288
3896 2.1263
3897 1.8574
3898 2.2067
3899 2.3323
3900 1.9353
3901 2.141
3902 2.6804
3903 2.1892
3904 2.4347
3905 2.4044
3906 2.6472
3907 2.3757
3908 2.4834
3909 2.6577
3910 2.4547
3911 2.4301
3912 2.3643
3913 1.9641
3914 2.4859
3915 2.4907
3916 2.0199
3917 2.6989
3918 2.1641
3919 2.3413
3920 2.2034
3921 1.9404
3922 2.4728
3923 2.0167
3924 2.3337
3925 1.9395
3926 1.9464
3927 1.8695
3928 2.0019
3929 2.3377
3930 1.9343
3931 2.4026
3932 2.3358
3933 1.8593
3934 2.4771
3935 2.4278
3936 1.9572
3937 2.3232
3938 1.8725
3939 1.8693
3940 1.9581
3941 2.1367
3942 2.0681
3943 1.9417
3944 2.2168
3945 2.4607
3946 2.0141
3947 2.3403
3948 2.1335
3949 2.3439
3950 2.2059
3951 2.6556
3952 1.9959
3953 1.9359
3954 2.0634
3955 2.1279
3956 2.2051
3957 2.0768
3958 2.2
3959 1.9442
3960 2.1288
3961 2.1901
3962 2.3966
3963 2.058
3964 2.0628
3965 2.1944
3966 2.1199
3967 1.9238
3968 2.0623
3969 2.0956
3970 1.8064
3971 2.221
3972 2.4336
3973 2.0792
3974 2.2334
3975 2.4978
3976 2.6792
3977 2.49
3978 2.3253
3979 2.3946
3980 2.3197
3981 2.4784
3982 2.3421
3983 2.0029
3984 2.3427
3985 2.2057
3986 1.8672
3987 2.6815
3988 2.193
3989 2.3137
3990 2.0676
3991 2.177
3992 2.4428
3993 1.9896
3994 2.2985
3995 2.18
3996 2.0664
3997 2.1303
3998 1.9965
3999 2.3213
4000 1.9349
4001 3.4461
4002 2.989
4003 2.3318
4004 2.9905
4005 2.6441
4006 2.0465
4007 2.9847
4008 2.3065
4009 2.1067
4010 2.0459
4011 2.38
4012 2.1789
4013 2.1983
4014 2.2036
4015 2.4741
4016 1.9946
4017 2.4876
4018 2.419
4019 2.4443
4020 2.2153
4021 3.4983
4022 2.5074
4023 2.2297
4024 2.2278
4025 2.4228
4026 2.0493
4027 2.7686
4028 2.0399
4029 2.6354
4030 2.0585
4031 1.9907
4032 1.984
4033 2.059
4034 2.6385
4035 1.9845
4036 2.2589
4037 2.1273
4038 1.9185
4039 2.2809
4040 2.6905
4041 1.9367
4042 2.1447
4043 1.9405
4044 1.8651
4045 1.9375
4046 2.2727
4047 2.1205
4048 2.0494
4049 2.2572
4050 2.7765
4051 2.0542
4052 2.3856
4053 2.2485
4054 2.3762
4055 2.2533
4056 2.3816
4057 2.0464
4058 1.9208
4059 2.0552
4060 2.1208
4061 2.2526
4062 2.061
4063 2.1205
4064 2.1968
4065 3.0684
4066 2.0601
4067 2.0754
4068 2.1403
4069 2.006
4070 2.0595
4071 3.0871
4072 2.427
4073 2.1551
4074 2.2811
4075 2.1566
4076 2.2579
4077 2.259
4078 2.0603
4079 2.1863
4080 2.2652
4081 2.2732
4082 2.1991
4083 2.2777
4084 2.0657
4085 2.2746
4086 2.0637
4087 2.2057
4088 2.2137
4089 2.0691
4090 2.2474
4091 2.2562
4092 2.1824
4093 2.1986
4094 2.0584
4095 1.9225
4096 2.1371
4097 1.9279
4098 2.0795
4099 2.1974
4100 2.1165
4101 2.1829
4102 2.055
4103 1.9292
4104 2.1248
4105 2.3911
4106 2.1353
4107 2.0633
4108 1.9357
4109 2.0681
4110 2.2709
4111 2.2726
4112 2.0757
4113 2.2057
4114 2.0708
4115 2.2005
4116 2.1358
4117 2.1493
4118 2.1423
4119 2.1435
4120 2.4173
4121 1.939
4122 2.2048
4123 1.9332
4124 2.0728
4125 1.9317
4126 2.1919
4127 2.0618
4128 1.9346
4129 2.0767
4130 2.0647
4131 2.1417
4132 1.9293
4133 2.0763
4134 1.9322
4135 2.2206
4136 2.1194
4137 2.4037
4138 2.1288
4139 2.1501
4140 2.0493
4141 2.1805
4142 1.9294
4143 2.0587
4144 2.08
4145 1.9423
4146 1.8139
4147 2.0768
4148 1.8138
4149 2.0768
4150 1.8036
4151 2.0858
4152 2.081
4153 1.8035
4154 2.0665
4155 2.0794
4156 2.0527
4157 2.0561
4158 1.8052
4159 2.0477
4160 2.0636
4161 1.8002
4162 2.0511
4163 1.8002
4164 2.0772
4165 1.8062
4166 2.2683
4167 2.2645
4168 2.2122
4169 2.1952
4170 2.085
4171 2.2044
4172 2.1235
4173 2.2783
4174 2.1291
4175 2.1308
4176 2.4003
4177 2.0685
4178 2.201
4179 1.9349
4180 2.0739
4181 2.061
4182 2.2627
4183 2.2072
4184 1.944
4185 2.071
4186 2.081
4187 2.3958
4188 2.2687
4189 2.3332
4190 2.076
4191 2.4688
4192 3.0285
4193 3.4197
4194 2.6338
4195 2.6722
4196 2.9624
4197 2.7733
4198 2.477
4199 2.5677
4200 2.5898
4201 2.2048
4202 2.1382
4203 2.3317
4204 1.9366
4205 2.3421
4206 2.1381
4207 2.2878
4208 2.3701
4209 1.9195
4210 2.2985
4211 2.1834
4212 2.9826
4213 2.6561
4214 2.3101
4215 2.5933
4216 2.6051
4217 2.0771
4218 2.684
4219 2.3397
4220 2.4117
4221 2.0765
4222 2.3962
4223 2.0697
4224 2.3287
4225 1.9888
4226 2.4615
4227 2.0669
4228 2.4748
4229 1.9936
4230 2.3303
4231 2.0062
4232 2.0583
4233 1.9892
4234 1.9209
4235 2.2453
4236 1.9407
4237 1.9294
4238 2.3131
4239 1.8686
4240 2.323
4241 1.9215
4242 2.1464
4243 2.2009
4244 1.8594
4245 2.3471
4246 2.1236
4247 1.9979
4248 1.9234
4249 1.8703
4250 1.9206
4251 2.2789
4252 1.7919
4253 1.9294
4254 1.8655
4255 2.0569
4256 1.7974
4257 2.1601
4258 2.7112
4259 2.0181
4260 2.7096
4261 2.0652
4262 2.0712
4263 2.2021
4264 1.93
4265 2.5941
4266 2.0669
4267 3.007
4268 2.6749
4269 2.3291
4270 2.6777
4271 3.0003
4272 2.137
4273 2.6021
4274 2.2603
4275 2.1947
4276 2.0649
4277 2.0656
4278 1.9337
4279 2.081
4280 1.9365
4281 2.6101
4282 1.9373
4283 1.9483
4284 2.0833
4285 2.2193
4286 1.9396
4287 2.5965
4288 2.2822
4289 2.0699
4290 2.0775
4291 2.0797
4292 2.2749
4293 2.2065
4294 2.2686
4295 2.0778
4296 2.1998
4297 2.2142
4298 2.072
4299 2.4048
4300 1.9974
4301 2.3408
4302 2.4744
4303 2.0676
4304 2.0662
4305 2.0036
4306 2.0052
4307 1.9912
4308 2.4663
4309 2.3442
4310 1.9237
4311 1.9355
4312 2.2767
4313 2.0731
4314 2.1411
4315 1.9354
4316 2.0662
4317 2.1867
4318 2.2602
4319 2.2587
4320 2.202
4321 2.0503
4322 2.1262
4323 2.3977
4324 2.1177
4325 2.0593
4326 1.9526
4327 2.079
4328 1.9416
4329 1.9434
4330 1.8672
4331 2.0175
4332 1.8726
4333 2.341
4334 2.3362
4335 1.7949
4336 1.919
4337 2.2741
4338 2.1336
4339 2.2089
4340 1.9352
4341 2.0715
4342 1.92
4343 1.8532
4344 2.1332
4345 1.8585
4346 2.3171
4347 1.7934
4348 3.0568
4349 2.3986
4350 2.661
4351 2.6782
4352 3.4781
4353 2.2527
4354 2.8102
4355 2.4798
4356 3.0164
4357 2.0578
4358 2.4491
4359 2.3212
4360 2.1884
4361 2.579
4362 2.5902
4363 2.127
4364 2.6458
4365 2.3249
4366 2.9773
4367 1.991
4368 2.6938
4369 2.6924
4370 2.1328
4371 2.6626
4372 3.0153
4373 2.0825
4374 2.2235
4375 2.0766
4376 2.1895
4377 2.6049
4378 2.2588
4379 2.0665
4380 1.9347
4381 2.6202
4382 2.0531
4383 2.1463
4384 2.6746
4385 2.3637
4386 3.0358
4387 1.952
4388 2.3486
4389 2.3447
4390 2.096
4391 2.6329
4392 2.6283
4393 2.2544
4394 2.4004
4395 2.1281
4396 2.4053
4397 2.6494
4398 2.349
4399 2.1906
4400 1.9183
4401 2.3316
4402 2.056
4403 1.9325
4404 2.0685
4405 2.0611
4406 2.0603
4407 2.5785
4408 2.2537
4409 1.9335
4410 1.9261
4411 2.6074
4412 2.0583
4413 2.1791
4414 1.9358
4415 2.077
4416 2.0689
4417 1.9379
4418 2.2527
4419 2.2603
4420 2.1158
4421 2.135
4422 2.3818
4423 2.1925
4424 2.2536
4425 2.0713
4426 2.1811
4427 2.0555
4428 2.2666
4429 2.1873
4430 1.9279
4431 2.0589
4432 2.0505
4433 2.0594
4434 2.1284
4435 1.9226
4436 2.1897
4437 1.99
4438 2.3836
4439 2.4392
4440 1.8636
4441 2.1153
4442 2.3096
4443 2.0696
4444 2.069
4445 1.9841
4446 1.94
4447 2.0719
4448 1.8786
4449 2.018
4450 1.9454
4451 2.3475
4452 1.8175
4453 2.2456
4454 2.3718
4455 2.0569
4456 2.4618
4457 2.1193
4458 2.2539
4459 2.3933
4460 1.9202
4461 2.3278
4462 2.1942
4463 3.0284
4464 2.7663
4465 2.4534
4466 2.6792
4467 2.6566
4468 2.1889
4469 2.6808
4470 2.327
4471 2.3852
4472 2.0625
4473 2.1292
4474 2.0701
4475 2.2016
4476 1.9329
4477 2.3285
4478 2.0053
4479 1.9945
4480 2.126
4481 2.4769
4482 1.9269
4483 2.6731
4484 2.3267
4485 2.1881
4486 2.0619
4487 2.1307
4488 2.2628
4489 3.0948
4490 2.4084
4491 3.4745
4492 2.0698
4493 2.4092
4494 2.482
4495 2.1272
4496 3.0056
4497 2.6688
4498 2.198
4499 2.2645
4500 2.2009
4501 2.2492
4502 2.9896
4503 2.3174
4504 2.0598
4505 1.9962
4506 2.3338
4507 2.0492
4508 2.0752
4509 2.1455
4510 2.2129
4511 2.1617
4512 3.0287
4513 2.371
4514 2.0059
4515 2.0733
4516 2.684
4517 2.1386
4518 2.0717
4519 1.9926
4520 2.0605
4521 2.0743
4522 1.9269
4523 2.2518
4524 2.2557
4525 2.3785
4526 2.2814
4527 3.4965
4528 2.4842
4529 2.0758
4530 2.2113
4531 2.4808
4532 2.2114
4533 2.7946
4534 2.4539
4535 2.405
4536 2.401
4537 2.207
4538 2.076
4539 2.2206
4540 2.2115
4541 2.2075
4542 2.0815
4543 2.2047
4544 2.1785
4545 2.2363
4546 2.2396
4547 2.1738
4548 2.172
4549 2.047
4550 2.26
4551 3.0621
4552 2.4719
4553 3.0041
4554 2.7986
4555 2.4182
4556 2.4855
4557 2.3526
4558 2.0732
4559 2.6865
4560 3.4735
4561 2.6744
4562 2.5745
4563 2.1937
4564 2.6029
4565 2.077
4566 2.0755
4567 2.0046
4568 2.004
4569 2.0805
4570 2.4058
4571 2.4623
4572 2.3371
4573 1.9977
4574 2.3327
4575 2.4786
4576 2.0071
4577 2.264
4578 1.9354
4579 1.9306
4580 2.1303
4581 2.1992
4582 2.0635
4583 2.0635
4584 2.3274
4585 2.9795
4586 2.6497
4587 2.2629
4588 2.2027
4589 2.5932
4590 2.6617
4591 2.6576
4592 1.9912
4593 2.5885
4594 2.0591
4595 1.9254
4596 3.0201
4597 2.1429
4598 2.6392
4599 2.0734
4600 2.2791
4601 2.0628
4602 2.221
4603 2.0615
4604 2.2594
4605 2.135
4606 2.401
4607 2.1442
4608 2.1298
4609 2.0669
4610 2.2175
4611 1.9478
4612 2.0739
4613 2.074
4614 1.9413
4615 2.1472
4616 2.4094
4617 2.1407
4618 2.251
4619 2.323
4620 3.0309
4621 2.6832
4622 2.3391
4623 2.3761
4624 2.6993
4625 2.3276
4626 2.3372
4627 1.9435
4628 2.344
4629 2.2233
4630 1.9432
4631 2.6068
4632 2.0801
4633 2.6032
4634 2.06
4635 1.9515
4636 2.2129
4637 1.9496
4638 2.1407
4639 1.881
4640 2.0179
4641 1.9276
4642 1.8672
4643 2.051
4644 1.9378
4645 2.3322
4646 2.3396
4647 1.867
4648 2.319
4649 2.1336
4650 1.864
4651 2.2589
4652 1.8031
4653 1.9399
4654 1.7973
4655 2.0641
4656 2.0593
4657 1.9225
4658 2.0613
4659 2.1937
4660 1.9197
4661 2.2539
4662 2.0558
4663 2.5833
4664 2.0557
4665 2.6064
4666 1.9388
4667 1.9314
4668 1.9238
4669 2.0586
4670 2.2659
4671 2.202
4672 2.196
4673 2.0648
4674 2.2661
4675 2.2725
4676 2.3944
4677 2.1415
4678 2.1273
4679 2.1997
4680 2.281
4681 2.0711
4682 2.0807
4683 2.0675
4684 1.9409
4685 2.2854
4686 2.4184
4687 2.1567
4688 2.2801
4689 2.4648
4690 3.077
4691 2.7925
4692 2.3152
4693 2.3845
4694 2.6647
4695 2.4505
4696 2.3875
4697 2.0613
4698 2.343
4699 2.1914
4700 1.9439
4701 2.6772
4702 2.1999
4703 2.6967
4704 2.072
4705 2.2745
4706 2.4612
4707 2.0765
4708 2.424
4709 2.2158
4710 2.1977
4711 2.2719
4712 2.011
4713 2.3585
4714 2.0671
4715 3.4918
4716 3.0873
4717 2.4072
4718 3.016
4719 2.6728
4720 2.1348
4721 3.0154
4722 2.3353
4723 2.2638
4724 2.063
4725 2.373
4726 2.2407
4727 2.2474
4728 2.1737
4729 2.4465
4730 2.0481
4731 2.4712
4732 2.3995
4733 2.7979
4734 2.2017
4735 3.4585
4736 2.4697
4737 2.2679
4738 2.2013
4739 2.4054
4740 2.0652
4741 2.4765
4742 2.002
4743 2.4153
4744 1.9992
4745 2.0632
4746 2.0713
4747 1.936
4748 2.3266
4749 1.9902
4750 2.2171
4751 2.1498
4752 1.9374
4753 2.1377
4754 2.3289
4755 1.858
4756 2.0775
4757 1.8612
4758 1.9242
4759 1.793
4760 2.2014
4761 2.1309
4762 2.0708
4763 2.1332
4764 2.4811
4765 2.0026
4766 2.3118
4767 2.1853
4768 2.6503
4769 2.1207
4770 2.3129
4771 1.9899
4772 1.9213
4773 1.9253
4774 2.075
4775 2.2119
4776 2.0728
4777 2.1389
4778 2.0775
4779 2.6796
4780 2.0045
4781 2.0109
4782 2.077
4783 2.064
4784 1.9302
4785 2.9627
4786 2.3139
4787 2.115
4788 2.116
4789 2.0488
4790 2.1831
4791 2.1915
4792 2.0608
4793 2.0586
4794 2.1802
4795 2.2082
4796 2.2213
4797 2.2861
4798 2.0806
4799 2.216
4800 2.2911
4801 2.2588
4802 2.2671
4803 2.1935
4804 2.0665
4805 2.129
4806 2.3859
4807 2.1242
4808 2.0637
4809 1.9371
4810 2.0557
4811 2.2623
4812 2.2722
4813 2.1962
4814 2.1992
4815 2.4055
4816 3.4436
4817 3.0444
4818 2.3369
4819 2.2567
4820 3.0172
4821 2.4038
4822 2.4785
4823 2.0715
4824 2.321
4825 2.0588
4826 2.0009
4827 2.6733
4828 2.1404
4829 3.0326
4830 2.075
4831 2.0641
4832 2.0745
4833 1.994
4834 2.0761
4835 1.9299
4836 2.1904
4837 2.132
4838 1.8856
4839 1.9294
4840 2.073
4841 2.4245
4842 2.4963
4843 1.9957
4844 2.3228
4845 1.9894
4846 1.9293
4847 2.3251
4848 1.8602
4849 2.1345
4850 1.7914
4851 2.1392
4852 2.2021
4853 2.0673
4854 2.072
4855 2.0675
4856 2.0066
4857 2.3349
4858 2.1336
4859 3.0018
4860 2.0729
4861 2.6846
4862 2.0049
4863 2.0723
4864 1.9417
4865 2.1533
4866 2.2653
4867 2.7963
4868 2.4741
4869 3.0889
4870 2.0817
4871 2.4678
4872 2.401
4873 2.2088
4874 2.6912
4875 2.6603
4876 2.2852
4877 2.4096
4878 2.1424
4879 2.386
4880 2.648
4881 2.3408
4882 2.1903
4883 1.9339
4884 2.3547
4885 2.0667
4886 2.2738
4887 2.407
4888 2.2678
4889 2.4131
4890 2.8063
4891 2.4752
4892 2.4622
4893 2.2587
4894 3.4571
4895 2.429
4896 2.4765
4897 2.0778
4898 2.2061
4899 2.2203
4900 2.2123
4901 2.079
4902 2.2073
4903 2.1291
4904 2.1948
4905 2.6638
4906 2.3221
4907 2
4908 1.931
4909 2.3271
4910 2.0585
4911 2.4738
4912 2.0069
4913 2.1504
4914 2.1345
4915 1.9437
4916 2.2114
4917 2.0763
4918 2.2198
4919 2.2039
4920 2.2135
4921 2.049
4922 2.1923
4923 2.2591
4924 2.0631
4925 2.2555
4926 2.0617
4927 2.2625
4928 2.2573
4929 1.9325
4930 2.117
4931 2.1218
4932 2.2445
4933 2.2469
4934 2.0522
4935 2.1134
4936 2.1178
4937 1.9211
4938 2.1135
4939 1.9188
4940 2.1405
4941 1.7949
4942 2.2585
4943 2.2611
4944 2.1978
4945 2.1197
4946 2.258
4947 2.059
4948 2.3879
4949 2.2664
4950 3.0839
4951 2.1315
4952 2.392
4953 2.0619
4954 2.0666
4955 1.927
4956 2.1354
4957 2.302
4958 2.2284
4959 2.2911
4960 2.0948
4961 2.4263
4962 2.0839
4963 2.1018
4964 2.1645
4965 2.2861
4966 1.9278
4967 3.0467
4968 2.398
4969 2.2523
4970 2.1236
4971 2.1213
4972 2.2499
4973 2.2642
4974 2.1836
4975 2.0659
4976 2.2726
4977 2.2686
4978 2.2037
4979 2.2659
4980 2.2719
4981 2.2737
4982 3.0893
4983 2.41
4984 2.0677
4985 2.0713
4986 2.4121
4987 2.1303
4988 2.2718
4989 2.0748
4990 2.1431
4991 2.1338
4992 1.9302
4993 2.267
4994 2.1991
4995 2.2606
4996 2.2558
4997 2.2722
4998 2.0663
4999 2.1949
5000 2.2621
5001 2.2902
5002 2.2772
5003 2.0899
5004 2.286
5005 2.2204
