1 2.72492
2 2.73171
3 2.74111
4 2.73036
5 2.73036
6 2.73042
7 2.73356
8 2.72997
9 2.73521
10 2.73341
11 2.73341
12 2.73448
13 2.73444
14 2.72998
15 2.7338
16 2.72977
17 2.72977
18 2.73035
19 2.73448
20 2.74173
21 2.73481
22 2.73038
23 2.73038
24 2.72874
25 2.73099
26 2.73189
27 2.73384
28 2.7396
29 2.7396
30 2.72608
31 2.73605
32 2.73697
33 2.73262
34 2.73781
35 2.73079
36 2.73079
37 2.74274
38 2.72661
39 2.73116
40 2.73168
41 2.73877
42 2.73877
43 2.73235
44 2.73625
45 2.7307
46 2.72884
47 2.73868
48 2.73868
49 2.73139
50 2.74184
51 2.73664
52 2.72896
53 2.7324
54 2.7324
55 2.7368
56 2.73619
57 2.7284
58 2.73453
59 2.72894
60 2.72894
61 2.73565
62 2.73395
63 2.7396
64 2.7329
65 2.74051
66 2.74051
67 2.73212
68 2.73559
69 2.73034
70 2.73145
71 2.72897
72 2.72897
73 2.74004
74 2.7331
75 2.72773
76 2.7364
77 2.74087
78 2.74087
79 2.73937
80 2.73224
81 2.72868
82 2.73264
83 2.73775
84 2.73775
85 2.73481
86 2.73824
87 2.73058
88 2.73356
89 2.73094
90 2.73094
91 2.73672
92 2.73056
93 2.74218
94 2.72519
95 2.73684
96 2.73684
97 2.73143
98 2.73471
99 2.73309
100 2.73297
101 2.73327
102 2.73327
103 2.73964
104 2.73421
105 2.73227
106 2.72771
107 2.73189
108 2.73189
109 2.73203
110 2.73175
111 2.73702
112 2.72951
113 2.73374
114 2.73374
115 2.73305
116 2.74502
117 2.73489
118 2.729
119 2.73367
120 2.73367
121 2.73532
122 2.73374
123 2.73105
124 2.73264
125 2.7299
126 2.7299
127 2.74196
128 2.73895
129 2.73385
130 2.73015
131 2.73119
132 2.73119
133 2.72762
134 2.73309
135 2.73706
136 2.73819
137 2.7234
138 2.7234
139 2.7416
140 2.74061
141 2.73881
142 2.73285
143 2.73481
144 2.73481
145 2.72865
146 2.73486
147 2.74055
148 2.73635
149 2.73469
150 2.73469
151 2.7323
152 2.73378
153 2.73707
154 2.74015
155 2.73341
156 2.73341
157 2.73957
158 2.73845
159 2.73611
160 2.72999
161 2.72919
162 2.73315
163 2.73315
164 2.74177
165 2.73181
166 2.59789
167 2.59551
168 2.59812
169 2.59812
170 2.6007
171 2.60456
172 2.59127
173 2.60303
174 3.00641
175 2.60426
176 3.00212
177 3.00212
178 2.72989
179 3.00398
180 3.00398
181 2.60071
182 3.00358
183 2.99265
184 2.72789
185 2.99793
186 2.99594
187 2.5949
188 2.59703
189 2.59376
190 2.60501
191 2.60501
192 2.99716
193 2.73134
194 2.99778
195 3.00719
196 2.73751
197 3.00211
198 3.00374
199 2.73826
200 2.73669
201 2.99774
202 2.59732
203 2.60403
204 2.60259
205 2.59755
206 2.61018
207 2.59811
208 2.59811
209 2.59586
210 2.60115
211 2.59658
212 2.59254
213 2.59254
214 2.60527
215 2.60976
216 2.60617
217 2.60257
218 2.59938
219 2.59938
220 2.60104
221 2.59744
222 2.60417
223 2.60377
224 2.59699
225 2.59699
226 2.59355
227 2.59969
228 2.59713
229 2.59979
230 2.59966
231 2.99729
232 3.00384
233 2.73384
234 3.00151
235 2.99639
236 2.59691
237 2.60077
238 2.59891
239 2.59891
240 2.58886
241 2.99225
242 2.7346
243 3
244 2.99871
245 2.73111
246 2.99995
247 2.9926
248 2.72504
249 2.7362
250 3.0008
251 2.59976
252 2.60372
253 2.60116
254 2.60132
255 2.60132
256 2.99399
257 2.74064
258 2.99769
259 2.99769
260 2.73467
261 3.00279
262 2.9989
263 2.73198
264 2.73417
265 3.00022
266 2.6039
267 2.6039
268 2.60111
269 2.60104
270 2.59928
271 2.59928
272 2.60334
273 2.58909
274 2.60022
275 2.60708
276 2.73397
277 2.99826
278 3.00445
279 2.74025
280 2.73742
281 2.99968
282 2.7316
283 2.73637
284 2.99966
285 2.73178
286 2.60128
287 2.60075
288 2.60585
289 2.59982
290 2.59711
291 2.59711
292 2.59519
293 2.60037
294 2.60398
295 2.60227
296 2.60227
297 2.59416
298 2.60429
299 2.59874
300 2.60405
301 2.60531
302 2.60531
303 2.60506
304 2.59424
305 2.60387
306 2.59821
307 2.60273
308 2.60273
309 2.59986
310 2.59943
311 2.6033
312 2.59734
313 2.59734
314 2.59971
315 3.00467
316 3.00486
317 2.73554
318 2.99914
319 2.99914
320 2.59936
321 2.59561
322 2.59561
323 2.60372
324 2.59648
325 3.00209
326 2.73653
327 2.99424
328 3.00375
329 2.73835
330 3.00377
331 3.00377
332 2.7319
333 2.73036
334 3.00906
335 2.60349
336 2.59716
337 2.60183
338 2.60183
339 2.60434
340 3.00166
341 2.73759
342 3.00895
343 3.00332
344 2.73804
345 2.99952
346 2.99674
347 2.72798
348 2.73706
349 2.99444
350 2.5946
351 2.59379
352 2.60258
353 2.59911
354 2.60917
355 2.60917
356 2.60208
357 2.59468
358 2.61105
359 2.61105
360 2.72895
361 3.00267
362 3.00231
363 2.73727
364 2.72594
365 2.99854
366 2.73246
367 2.74123
368 2.99989
369 2.73521
370 2.59713
371 2.59883
372 2.59626
373 2.59625
374 2.5944
375 2.5944
376 2.60302
377 2.59043
378 2.60301
379 2.60942
380 2.60942
381 2.60508
382 2.60707
383 2.60224
384 2.59517
385 2.59428
386 2.59428
387 2.60118
388 2.60629
389 2.60336
390 2.59612
391 2.59612
392 2.60405
393 2.59796
394 2.60585
395 2.59802
396 2.59943
397 2.59943
398 2.59968
399 2.60064
400 2.59258
401 2.60565
402 2.60565
403 2.60491
404 2.60351
405 2.59779
406 2.59902
407 2.60436
408 2.60436
409 2.59703
410 2.59389
411 2.59471
412 2.60671
413 2.60671
414 2.58967
415 2.60066
416 2.60202
417 2.60011
418 2.59347
419 2.59347
420 2.59685
421 2.59929
422 2.60028
423 2.60167
424 2.60167
425 2.60244
426 2.59821
427 2.59751
428 2.60186
429 2.60186
430 2.60201
431 2.99998
432 2.73622
433 3.00296
434 3.00019
435 2.73383
436 3.00635
437 2.99766
438 2.7311
439 2.72754
440 2.99776
441 2.59717
442 2.59664
443 2.59513
444 2.59827
445 2.59827
446 2.59963
447 2.59971
448 2.60301
449 2.60301
450 2.59932
451 2.73259
452 2.99257
453 2.99257
454 2.73394
455 2.7322
456 2.99908
457 2.73088
458 2.73327
459 3.00354
460 2.74162
461 2.59755
462 2.59855
463 2.60773
464 2.60773
465 2.59553
466 2.60014
467 2.58496
468 2.58496
469 2.60072
470 2.60252
471 2.74213
472 2.99609
473 2.99609
474 2.73231
475 2.73231
476 3.00821
477 2.7266
478 2.73238
479 2.9965
480 2.72728
481 2.60193
482 2.60193
483 2.59664
484 2.59459
485 2.60474
486 2.59584
487 2.59584
488 2.60001
489 2.59767
490 2.60397
491 2.73383
492 2.73508
493 3.00155
494 2.73368
495 2.73368
496 3.80021
497 3.81222
498 3.79491
499 3.78876
500 3.77581
501 3.8096
502 3.78856
503 3.81319
504 3.79465
505 3.80631
506 3.79526
507 3.8135
508 3.80028
509 3.80591
510 3.79669
511 3.79366
512 3.77695
513 3.80523
514 3.79459
515 3.81566
516 3.80384
517 3.81182
518 3.80206
519 3.79599
520 3.78501
521 3.79317
522 3.79722
523 3.80411
524 3.80684
525 3.79333
526 3.80879
527 3.80949
528 3.80821
529 3.80915
530 3.7998
531 3.80375
532 3.54087
533 4.0649
534 4.06925
535 3.12354
536 4.06751
537 4.07821
538 3.78173
539 3.53855
540 3.52726
541 3.52822
542 3.54092
543 3.53794
544 3.53149
545 4.06027
546 3.13366
547 4.05732
548 4.07381
549 3.79682
550 3.13397
551 4.06739
552 4.06337
553 3.79473
554 3.1216
555 3.14291
556 3.13717
557 4.07079
558 3.81393
559 3.79841
560 3.53905
561 3.53437
562 3.52342
563 3.54048
564 3.52611
565 3.53712
566 4.0667
567 3.14224
568 4.06826
569 4.06108
570 3.79499
571 3.14581
572 4.06173
573 4.06877
574 3.79379
575 3.12889
576 3.14271
577 3.10801
578 4.05487
579 3.81471
580 3.80476
581 3.53135
582 3.53969
583 3.53777
584 3.53652
585 3.53127
586 3.53942
587 3.53958
588 3.5212
589 3.53661
590 3.54197
591 3.5342
592 3.54223
593 3.53361
594 3.53875
595 3.53604
596 3.1273
597 4.06232
598 4.0681
599 3.80829
600 3.13336
601 3.13136
602 3.1345
603 4.05535
604 3.81523
605 3.81038
606 3.1285
607 3.1274
608 3.13472
609 4.06988
610 3.80856
611 3.8036
612 3.13649
613 3.13794
614 3.13794
615 3.78702
616 3.7996
617 3.7947
618 3.79067
619 3.78544
620 3.79338
621 3.79616
622 3.79483
623 3.79425
624 3.79649
625 3.79442
626 3.78827
627 3.80501
628 3.81221
629 3.78998
630 3.79656
631 3.80263
632 3.79478
633 3.80341
634 3.80117
635 3.79561
636 3.80923
637 3.79092
638 3.80909
639 3.79287
640 3.80646
641 3.79656
642 3.80817
643 3.79716
644 3.79816
645 3.80077
646 3.80212
647 3.79261
648 3.79678
649 3.80194
650 3.79821
651 3.79359
652 3.79216
653 3.78758
654 3.8051
655 3.79985
656 3.80068
657 3.79343
658 3.79851
659 3.80916
660 3.80417
661 3.79855
662 3.79708
663 3.81082
664 3.80129
665 3.80442
666 3.80018
667 3.80815
668 3.79868
669 3.79826
670 3.79962
671 3.79296
672 3.80979
673 3.79895
674 3.80592
675 3.79832
676 3.79367
677 3.8018
678 3.81425
679 3.81755
680 3.79162
681 3.79648
682 3.78427
683 3.7995
684 3.79809
685 3.78659
686 3.8095
687 3.797
688 3.79505
689 3.80814
690 3.79862
691 3.8004
692 3.80023
693 3.81297
694 3.79764
695 3.81252
696 3.80585
697 3.79934
698 3.80201
699 3.79024
700 3.52664
701 3.53454
702 3.5254
703 3.52585
704 3.52452
705 3.53626
706 4.05476
707 3.13446
708 4.07348
709 4.06604
710 3.79416
711 3.13353
712 4.06856
713 4.06475
714 3.79994
715 3.12979
716 3.13759
717 3.13123
718 4.06622
719 3.79359
720 3.81682
721 3.52854
722 3.52357
723 3.52719
724 3.53524
725 3.53289
726 3.54485
727 3.539
728 3.53968
729 3.54148
730 3.52494
731 3.53204
732 3.53259
733 3.53214
734 3.53793
735 3.52114
736 3.1344
737 4.05891
738 4.06396
739 3.7956
740 3.13678
741 3.1233
742 3.13328
743 4.05906
744 3.79839
745 3.79301
746 3.13992
747 3.12893
748 3.13484
749 4.0636
750 3.80329
751 3.79018
752 3.13188
753 3.13005
754 3.13092
755 3.78347
756 3.5278
757 3.53733
758 3.52827
759 3.53293
760 3.53497
761 3.52491
762 3.5359
763 3.53274
764 3.53264
765 3.52209
766 3.52648
767 3.53146
768 3.53565
769 3.52759
770 3.53919
771 3.14214
772 4.06904
773 4.06333
774 3.81494
775 3.13219
776 3.13196
777 3.12572
778 4.05831
779 3.80208
780 3.79832
781 3.13182
782 3.1345
783 3.12999
784 4.06523
785 3.78285
786 3.80815
787 3.13395
788 3.12556
789 3.13697
790 3.80693
791 3.52143
792 3.51973
793 3.51973
794 3.52906
795 3.53782
796 3.53544
797 3.52746
798 3.53624
799 3.52283
800 3.51363
801 3.53073
802 3.53212
803 3.54524
804 3.53719
805 3.53828
806 3.51606
807 3.52885
808 3.52504
809 3.5339
810 3.53466
811 3.12547
812 3.14063
813 3.12671
814 4.07236
815 3.80411
816 3.79706
817 3.13992
818 3.14144
819 3.13087
820 3.80386
821 3.13373
822 3.13245
823 3.1197
824 3.80413
825 3.12606
826 3.00241
827 2.99308
828 2.99347
829 2.99956
830 3.01032
831 3.01032
832 3.00135
833 3.00587
834 3.00222
835 2.99731
836 3.00098
837 2.9957
838 2.9957
839 3.0045
840 3.00156
841 2.9956
842 3.0061
843 3.00204
844 3.00751
845 3.00751
846 3.00808
847 3.00024
848 2.99292
849 2.99339
850 3.00134
851 2.99942
852 2.99876
853 2.99876
854 4.14487
855 4.40614
856 4.40137
857 2.80284
858 4.37967
859 4.37967
860 4.1348
861 4.14333
862 4.14813
863 4.12429
864 4.14383
865 4.4027
866 2.7986
867 4.39349
868 4.40544
869 2.80576
870 4.4062
871 4.38604
872 2.79464
873 2.80097
874 4.40666
875 4.11846
876 4.12288
877 4.11787
878 4.13279
879 4.12789
880 4.42273
881 2.79824
882 4.40746
883 4.40746
884 2.79751
885 4.40347
886 4.42482
887 2.80994
888 2.80202
889 4.39709
890 4.11803
891 4.12923
892 4.13641
893 4.12658
894 4.11868
895 4.13174
896 4.13356
897 4.12897
898 4.13478
899 4.12468
900 2.79684
901 4.39117
902 4.39117
903 2.79897
904 2.80127
905 4.40259
906 2.80326
907 2.80581
908 4.39342
909 2.79722
910 2.60161
911 2.60272
912 2.60574
913 2.59496
914 2.59908
915 2.59908
916 3.26161
917 3.12788
918 3.26161
919 3.26965
920 2.99154
921 3.13738
922 3.27195
923 3.26938
924 2.9983
925 3.13665
926 3.12912
927 3.12892
928 3.27006
929 2.99714
930 3.00049
931 2.60449
932 2.59628
933 2.59628
934 2.60541
935 2.60546
936 2.60063
937 2.60181
938 2.60181
939 2.59281
940 2.59662
941 2.59801
942 2.60204
943 2.60204
944 2.60132
945 2.59943
946 3.13143
947 3.2704
948 3.26629
949 3.00393
950 3.12973
951 3.1221
952 3.12509
953 3.25971
954 2.99716
955 2.99747
956 3.14201
957 3.12232
958 3.13289
959 3.27854
960 2.99291
961 2.99775
962 3.13327
963 3.14287
964 3.13608
965 2.99598
966 3.20735
967 3.1885
968 3.19736
969 3.20168
970 3.18413
971 3.59771
972 2.79915
973 3.6118
974 3.6037
975 2.8065
976 3.60529
977 3.60288
978 2.80176
979 2.80066
980 3.60552
981 3.19496
982 4.26128
983 4.25657
984 4.20709
985 3.19332
986 3.20534
987 3.18449
988 4.26584
989 4.20806
990 4.21665
991 2.53246
992 3.60346
993 3.60346
994 3.06386
995 2.80098
996 4.40767
997 2.53271
998 2.52555
999 3.59157
1000 2.80119
1001 3.20763
1002 3.20735
1003 3.21017
1004 3.19807
1005 3.19609
1006 3.19691
1007 3.20641
1008 3.18969
1009 3.21555
1010 3.21555
1011 2.79338
1012 3.59948
1013 3.60023
1014 2.80009
1015 2.8036
1016 3.58863
1017 2.80198
1018 2.8076
1019 3.6132
1020 2.80248
1021 3.19651
1022 3.19309
1023 3.19579
1024 4.26705
1025 4.19476
1026 4.20644
1027 3.20376
1028 3.1928
1029 3.20063
1030 4.2072
1031 2.53275
1032 2.54154
1033 3.59351
1034 2.79387
1035 2.53109
1036 3.0008
1037 3.00246
1038 3.00301
1039 3.00085
1040 3.00085
1041 2.99889
1042 3.00468
1043 3.00277
1044 3.00841
1045 3.00561
1046 2.99854
1047 2.99854
1048 3.00022
1049 3.00111
1050 3.006
1051 2.99749
1052 3.00652
1053 3.00006
1054 3.00006
1055 3.00756
1056 3.00528
1057 3.0059
1058 3.00531
1059 2.99295
1060 3.00118
1061 2.99029
1062 2.99029
1063 3.00144
1064 2.99109
1065 2.99377
1066 3.00431
1067 2.98805
1068 3.00403
1069 3.00403
1070 2.99899
1071 3.00356
1072 3.01144
1073 3.00198
1074 3.00794
1075 3.00339
1076 3.00339
1077 3.00459
1078 2.99494
1079 3.00488
1080 2.9957
1081 3.00005
1082 3.01121
1083 2.99387
1084 2.99387
1085 3.00418
1086 3.00747
1087 2.99907
1088 2.9981
1089 3.00064
1090 3.00537
1091 3.00537
1092 4.13139
1093 4.13229
1094 4.13821
1095 4.15582
1096 4.12593
1097 4.41346
1098 2.79967
1099 4.39716
1100 4.39716
1101 2.80677
1102 4.40478
1103 4.40478
1104 2.79435
1105 2.80442
1106 4.40915
1107 4.14071
1108 4.14969
1109 4.14541
1110 4.13607
1111 4.14801
1112 4.13955
1113 4.13319
1114 4.14118
1115 4.1412
1116 4.13433
1117 2.79205
1118 4.40809
1119 4.40189
1120 2.79638
1121 2.80151
1122 4.41015
1123 2.80273
1124 2.80008
1125 4.38965
1126 2.79768
1127 4.13062
1128 4.12392
1129 4.12391
1130 4.11717
1131 4.11562
1132 4.12865
1133 4.12621
1134 4.1465
1135 4.12677
1136 4.13253
1137 2.80031
1138 4.39431
1139 4.40373
1140 2.79582
1141 2.80234
1142 4.4009
1143 2.79722
1144 2.80989
1145 4.41054
1146 2.7987
1147 4.1392
1148 4.14214
1149 4.12495
1150 4.11353
1151 4.13811
1152 4.14457
1153 4.14922
1154 4.14404
1155 4.12866
1156 4.12802
1157 2.80595
1158 2.80347
1159 4.39856
1160 2.79707
1161 2.80661
1162 2.60088
1163 2.59464
1164 2.59892
1165 2.60083
1166 2.59542
1167 2.59542
1168 2.60265
1169 2.60537
1170 2.60152
1171 2.59413
1172 2.59413
1173 2.60347
1174 2.59753
1175 2.60397
1176 2.59543
1177 3.13721
1178 3.27021
1179 3.25525
1180 2.98963
1181 3.13532
1182 3.12941
1183 3.13701
1184 3.27008
1185 3.00204
1186 2.99657
1187 3.13094
1188 3.1186
1189 3.14444
1190 3.25701
1191 2.99337
1192 2.99779
1193 3.12554
1194 3.14596
1195 3.13452
1196 2.99189
1197 2.61151
1198 2.60651
1199 2.59637
1200 2.60283
1201 2.59743
1202 2.59743
1203 2.5958
1204 2.59924
1205 2.59362
1206 2.59726
1207 2.59726
1208 2.59624
1209 2.59281
1210 2.60182
1211 2.59873
1212 2.59873
1213 2.59623
1214 2.59982
1215 2.59532
1216 2.59672
1217 3.1323
1218 3.1363
1219 3.13639
1220 3.2682
1221 3.00065
1222 3.00303
1223 3.12585
1224 3.13608
1225 3.12707
1226 2.99684
1227 3.12422
1228 3.12422
1229 3.13821
1230 2.98897
1231 3.1311
1232 3.21295
1233 3.1997
1234 3.1907
1235 3.19561
1236 3.20627
1237 3.17931
1238 3.2004
1239 3.2004
1240 3.19905
1241 3.20552
1242 2.80074
1243 3.59673
1244 3.58881
1245 2.79221
1246 2.79678
1247 3.60231
1248 2.80225
1249 2.80768
1250 3.59988
1251 2.79681
1252 3.21266
1253 3.20451
1254 3.20313
1255 4.25363
1256 4.19019
1257 4.17926
1258 3.20796
1259 3.2044
1260 3.20174
1261 4.19406
1262 2.53298
1263 2.53157
1264 3.59966
1265 2.79174
1266 2.52783
1267 3.20192
1268 3.1916
1269 3.19885
1270 3.19227
1271 3.19227
1272 3.19271
1273 3.20199
1274 3.19877
1275 3.19604
1276 3.19095
1277 2.79694
1278 2.80131
1279 3.60051
1280 2.80059
1281 2.79318
1282 3.18652
1283 3.19239
1284 3.21013
1285 4.21646
1286 3.20048
1287 2.53868
1288 2.80734
1289 2.79823
1290 2.80253
1291 2.79841
1292 2.79688
1293 2.80038
1294 2.80045
1295 2.80286
1296 2.80286
1297 2.79856
1298 2.80199
1299 2.80216
1300 2.79903
1301 2.79511
1302 2.80216
1303 2.80353
1304 2.80093
1305 2.80093
1306 2.79985
1307 2.80588
1308 2.80415
1309 2.78713
1310 2.79493
1311 2.80213
1312 2.79371
1313 2.7896
1314 2.79762
1315 2.80246
1316 2.79607
1317 2.79607
1318 2.79707
1319 2.80035
1320 2.79827
1321 2.79638
1322 2.80104
1323 2.80872
1324 2.80387
1325 2.80651
1326 2.80108
1327 2.80108
1328 2.79654
1329 2.8042
1330 2.7984
1331 2.80547
1332 2.80041
1333 2.80041
1334 2.79531
1335 2.79786
1336 2.79786
1337 2.79375
1338 2.79147
1339 2.79474
1340 2.79411
1341 2.80039
1342 2.80852
1343 2.81032
1344 2.79687
1345 2.79687
1346 2.79693
1347 2.80011
1348 2.79915
1349 2.7985
1350 2.79282
1351 2.80518
1352 2.79785
1353 2.80356
1354 2.80187
1355 2.79214
1356 2.79214
1357 2.79551
1358 2.80271
1359 2.8038
1360 2.80865
1361 2.8058
1362 2.80259
1363 2.80444
1364 2.79649
1365 2.80785
1366 2.79149
1367 2.79383
1368 2.79383
1369 2.80042
1370 2.80501
1371 2.79703
1372 2.79937
1373 2.80124
1374 2.80039
1375 2.79456
1376 2.80342
1377 2.78589
1378 2.78589
1379 2.80877
1380 2.79677
1381 2.79931
1382 2.79652
1383 2.79914
1384 2.79558
1385 2.80083
1386 2.79922
1387 2.79922
1388 2.80418
1389 2.80249
1390 2.79727
1391 2.80662
1392 2.80587
1393 2.79975
1394 2.80674
1395 2.80167
1396 2.80167
1397 2.79496
1398 2.80203
1399 2.80305
1400 2.79731
1401 2.79666
1402 2.8006
1403 2.80285
1404 2.80285
1405 2.79475
1406 2.79415
1407 2.79429
1408 2.53069
1409 2.53618
1410 2.53354
1411 2.53354
1412 2.52297
1413 2.53413
1414 2.52966
1415 3.06226
1416 2.79649
1417 3.06017
1418 3.06414
1419 2.79152
1420 3.06905
1421 2.8011
1422 3.07122
1423 3.06325
1424 2.80365
1425 3.06538
1426 2.8031
1427 2.7929
1428 2.79646
1429 2.79646
1430 3.0654
1431 2.80124
1432 3.05104
1433 2.79409
1434 3.05514
1435 2.79114
1436 2.53533
1437 2.53798
1438 2.53186
1439 2.53648
1440 2.53648
1441 2.53062
1442 2.53036
1443 2.53659
1444 2.52546
1445 2.52546
1446 2.53115
1447 2.5296
1448 2.53315
1449 2.53315
1450 2.53524
1451 2.53218
1452 2.53882
1453 2.53655
1454 2.53655
1455 2.53622
1456 2.53336
1457 2.79627
1458 3.0752
1459 3.0752
1460 2.79837
1461 3.06962
1462 2.78895
1463 2.79657
1464 2.79062
1465 2.81512
1466 3.08228
1467 2.79807
1468 3.06832
1469 2.80665
1470 3.06478
1471 2.80592
1472 2.80544
1473 2.80544
1474 2.81079
1475 2.79108
1476 3.06799
1477 2.79755
1478 3.05715
1479 2.79333
1480 3.06581
1481 2.80023
1482 2.80279
1483 2.79803
1484 2.80594
1485 2.79376
1486 2.79197
1487 2.79197
1488 2.8015
1489 3.06175
1490 2.79942
1491 2.79943
1492 2.53882
1493 2.53882
1494 2.52487
1495 2.52736
1496 2.53505
1497 2.53283
1498 2.53283
1499 2.53616
1500 2.5318
1501 2.52967
1502 2.52967
1503 2.52565
1504 2.53053
1505 2.53775
1506 2.52927
1507 2.52927
1508 2.53523
1509 2.53004
1510 2.52855
1511 2.52855
1512 2.53265
1513 2.79863
1514 3.07742
1515 3.0721
1516 2.80438
1517 3.06724
1518 2.79365
1519 2.80456
1520 2.80078
1521 2.80865
1522 3.06594
1523 2.79366
1524 3.06342
1525 2.79969
1526 3.07707
1527 2.79809
1528 2.80041
1529 2.7999
1530 2.7999
1531 2.80067
1532 3.06986
1533 2.79403
1534 3.06598
1535 2.79213
1536 3.06616
1537 2.79708
1538 2.79322
1539 2.79156
1540 2.79936
1541 2.79379
1542 2.79618
1543 2.80408
1544 2.80104
1545 3.06878
1546 2.80833
1547 2.79866
1548 2.5373
1549 2.53194
1550 2.53194
1551 2.52963
1552 2.53502
1553 2.53208
1554 2.53553
1555 2.53553
1556 2.53115
1557 2.53641
1558 2.52806
1559 2.52806
1560 2.52589
1561 2.52926
1562 2.53539
1563 2.53539
1564 2.53109
1565 2.53362
1566 2.5313
1567 2.52649
1568 2.52649
1569 2.52907
1570 2.53395
1571 2.53285
1572 2.53285
1573 2.52615
1574 2.53654
1575 2.53117
1576 2.52495
1577 2.52495
1578 2.5374
1579 2.53622
1580 2.53666
1581 2.53666
1582 2.52741
1583 2.79841
1584 2.80101
1585 2.80654
1586 2.79246
1587 3.06214
1588 2.79801
1589 3.06449
1590 2.7976
1591 3.06716
1592 2.80235
1593 2.80533
1594 2.80443
1595 2.80259
1596 2.80545
1597 2.79659
1598 2.80596
1599 2.79884
1600 3.072
1601 2.79297
1602 2.80505
1603 2.79871
1604 2.80144
1605 2.80084
1606 2.81377
1607 2.81377
1608 2.7923
1609 2.80131
1610 3.06518
1611 2.79943
1612 2.79754
1613 2.8047
1614 2.8047
1615 2.78974
1616 2.80644
1617 2.80072
1618 4.17845
1619 4.1876
1620 4.20773
1621 4.19999
1622 4.19931
1623 4.19619
1624 4.19525
1625 4.19203
1626 4.19872
1627 4.18625
1628 4.20855
1629 4.21581
1630 4.20683
1631 4.18996
1632 4.17779
1633 4.20754
1634 4.21645
1635 4.19704
1636 4.19843
1637 4.20499
1638 4.20228
1639 4.21348
1640 4.1925
1641 4.20894
1642 4.20523
1643 4.20877
1644 4.21308
1645 4.20396
1646 2.99832
1647 4.39626
1648 4.41296
1649 3.80569
1650 4.39851
1651 4.39851
1652 2.99552
1653 3.00927
1654 2.99703
1655 2.99668
1656 2.99747
1657 4.41605
1658 3.81008
1659 4.4008
1660 4.4008
1661 3.7883
1662 4.40784
1663 4.39172
1664 3.79814
1665 3.81101
1666 4.38247
1667 3.00248
1668 3.00177
1669 3.00017
1670 3.00221
1671 3.00221
1672 4.39357
1673 3.79044
1674 4.40983
1675 4.40556
1676 3.80904
1677 4.39009
1678 4.39009
1679 3.79781
1680 3.79127
1681 4.40086
1682 3.00122
1683 2.99902
1684 2.99902
1685 2.9987
1686 2.99502
1687 2.99403
1688 3.00838
1689 3.0077
1690 3.00926
1691 2.99995
1692 3.80647
1693 4.39732
1694 4.40457
1695 3.81584
1696 3.78329
1697 4.40765
1698 3.80197
1699 3.80488
1700 4.40914
1701 3.81928
1702 4.20074
1703 4.19472
1704 4.19941
1705 4.21533
1706 4.18925
1707 4.18862
1708 4.20083
1709 4.19523
1710 4.19844
1711 4.20257
1712 4.19919
1713 4.19682
1714 4.20099
1715 4.20001
1716 4.19997
1717 4.21503
1718 4.19161
1719 4.20268
1720 4.19914
1721 4.21457
1722 4.20081
1723 4.20035
1724 4.19391
1725 4.19602
1726 4.20612
1727 4.19525
1728 4.18691
1729 4.20609
1730 4.19212
1731 4.20757
1732 4.20063
1733 4.1938
1734 4.19961
1735 4.1788
1736 4.19135
1737 4.20526
1738 4.18964
1739 4.19498
1740 4.21017
1741 4.20181
1742 4.20859
1743 4.18934
1744 4.19868
1745 4.1916
1746 4.21428
1747 4.22002
1748 4.2085
1749 4.20525
1750 4.22195
1751 4.21003
1752 4.20852
1753 4.20287
1754 4.19231
1755 4.19908
1756 4.19106
1757 4.2202
1758 3.00155
1759 3.00418
1760 3.00541
1761 2.99888
1762 2.99536
1763 4.42275
1764 3.81903
1765 4.41676
1766 4.41676
1767 3.79573
1768 4.39905
1769 4.39552
1770 3.79171
1771 3.79551
1772 4.40331
1773 3.00321
1774 2.99913
1775 3.00758
1776 3.00245
1777 3.00135
1778 2.99804
1779 2.98685
1780 3.0134
1781 2.99973
1782 2.99476
1783 3.7915
1784 4.40168
1785 4.40168
1786 3.78995
1787 3.79655
1788 4.41134
1789 3.79438
1790 3.80243
1791 4.40022
1792 3.80415
1793 2.99575
1794 2.99798
1795 3.00733
1796 3.00443
1797 3.00257
1798 2.99243
1799 3.00384
1800 2.99959
1801 2.9868
1802 2.99932
1803 3.80484
1804 4.40568
1805 4.40815
1806 3.80002
1807 3.81078
1808 4.39792
1809 3.80015
1810 3.79117
1811 4.40056
1812 3.79317
1813 2.99459
1814 2.99069
1815 2.99794
1816 3.00671
1817 3.00671
1818 3.00411
1819 2.99132
1820 3.00364
1821 3.00013
1822 2.99584
1823 3.78944
1824 3.79695
1825 4.39096
1826 3.79516
1827 3.78967
1828 3.19573
1829 3.20254
1830 3.19305
1831 3.20752
1832 3.20965
1833 3.20453
1834 3.20545
1835 3.20186
1836 3.20186
1837 3.20268
1838 3.19143
1839 3.20589
1840 3.20199
1841 3.20379
1842 3.18946
1843 3.20242
1844 3.20443
1845 3.19415
1846 3.1848
1847 3.18433
1848 3.19038
1849 3.20889
1850 4.27718
1851 4.28177
1852 4.13814
1853 4.25966
1854 3.2026
1855 3.21293
1856 3.21111
1857 3.19425
1858 4.26798
1859 4.12582
1860 4.25548
1861 4.12728
1862 4.26301
1863 4.13231
1864 3.194
1865 3.2004
1866 3.18539
1867 3.19785
1868 4.26304
1869 4.13674
1870 4.26162
1871 4.12348
1872 4.27375
1873 4.12858
1874 3.20259
1875 3.20828
1876 3.2054
1877 3.194
1878 3.20612
1879 3.20872
1880 4.13211
1881 4.25017
1882 4.12159
1883 4.12295
1884 3.13514
1885 3.13641
1886 3.13914
1887 3.1279
1888 3.12899
1889 3.58936
1890 3.12645
1891 3.6022
1892 3.61252
1893 3.13351
1894 3.61152
1895 3.59352
1896 3.13082
1897 3.13165
1898 3.59591
1899 3.12818
1900 3.1381
1901 3.12942
1902 3.14082
1903 3.14082
1904 3.13437
1905 3.13246
1906 3.13705
1907 3.1244
1908 3.13542
1909 3.13701
1910 3.60977
1911 3.60977
1912 3.13811
1913 3.13056
1914 3.59666
1915 3.13137
1916 3.1282
1917 3.59189
1918 3.1317
1919 2.61094
1920 2.61094
1921 2.59693
1922 2.59702
1923 3.27311
1924 3.00076
1925 3.26199
1926 3.00432
1927 3.2668
1928 3.0031
1929 3.52114
1930 3.6095
1931 3.59552
1932 3.52949
1933 3.52558
1934 3.60332
1935 3.79832
1936 4.05651
1937 4.39934
1938 3.8126
1939 2.59696
1940 2.60322
1941 2.60322
1942 2.58672
1943 2.60783
1944 2.6051
1945 3.00588
1946 3.26413
1947 3.00102
1948 2.99883
1949 3.5277
1950 3.53654
1951 3.59247
1952 3.52538
1953 3.80307
1954 3.20179
1955 3.20454
1956 3.19554
1957 3.20733
1958 3.20205
1959 3.20249
1960 3.19544
1961 3.19376
1962 3.20364
1963 3.19507
1964 3.2123
1965 3.20095
1966 3.20008
1967 3.20716
1968 3.19233
1969 3.19713
1970 3.21007
1971 3.21134
1972 3.19421
1973 3.19456
1974 3.19456
1975 3.20056
1976 3.19762
1977 3.20483
1978 3.2074
1979 3.21204
1980 3.22204
1981 3.19966
1982 3.19665
1983 3.20725
1984 3.21965
1985 3.19706
1986 3.20149
1987 3.20169
1988 3.20169
1989 3.20029
1990 3.21169
1991 3.19444
1992 3.18053
1993 4.26987
1994 4.13024
1995 4.2646
1996 4.14007
1997 4.26019
1998 4.14516
1999 3.20309
2000 3.197
2001 3.19369
2002 3.19439
2003 3.18628
2004 3.20515
2005 4.14772
2006 4.26643
2007 4.14379
2008 4.15129
2009 3.20294
2010 3.21113
2011 3.20287
2012 3.19017
2013 3.19301
2014 3.19301
2015 4.14764
2016 4.27172
2017 4.12445
2018 4.15473
2019 3.19112
2020 3.20413
2021 3.19584
2022 3.19733
2023 4.11794
2024 3.14453
2025 3.11938
2026 3.13157
2027 3.14052
2028 3.12553
2029 3.13408
2030 3.14725
2031 3.13848
2032 3.13083
2033 3.13083
2034 3.13385
2035 3.5935
2036 3.60357
2037 3.13282
2038 3.12762
2039 3.59995
2040 3.14013
2041 3.13597
2042 3.60035
2043 3.14052
2044 3.12715
2045 3.12756
2046 3.12863
2047 3.13714
2048 3.12647
2049 3.13158
2050 3.13158
2051 3.1368
2052 3.13237
2053 3.14235
2054 3.12843
2055 3.13466
2056 3.59466
2057 3.12811
2058 3.13761
2059 2.59673
2060 2.60025
2061 2.59756
2062 2.60948
2063 2.60948
2064 2.59982
2065 3.00136
2066 3.27282
2067 3.00065
2068 3.00294
2069 3.53066
2070 3.52673
2071 3.59567
2072 3.5288
2073 3.8035
2074 2.60168
2075 2.604
2076 2.60035
2077 2.60035
2078 2.99797
2079 3.54186
2080 2.73789
2081 2.73652
2082 2.73378
2083 2.72655
2084 2.7394
2085 2.7394
2086 2.73293
2087 2.72448
2088 2.73576
2089 2.73206
2090 2.73251
2091 2.73484
2092 2.73484
2093 2.74075
2094 2.72992
2095 2.73585
2096 2.7324
2097 2.73788
2098 2.73538
2099 2.73614
2100 2.73614
2101 2.72524
2102 2.7234
2103 2.73227
2104 2.73217
2105 2.73217
2106 2.72746
2107 2.72821
2108 2.73761
2109 2.72359
2110 2.73517
2111 2.73517
2112 2.72638
2113 2.73285
2114 2.72935
2115 2.73548
2116 2.73548
2117 2.73745
2118 2.7286
2119 2.72268
2120 2.7349
2121 2.73643
2122 2.73643
2123 2.73816
2124 2.73238
2125 2.73526
2126 2.73825
2127 2.72605
2128 2.73775
2129 2.74236
2130 2.74236
2131 2.7308
2132 2.73995
2133 2.73145
2134 2.73154
2135 2.73707
2136 2.7363
2137 2.7363
2138 2.7302
2139 2.73265
2140 2.73698
2141 2.73767
2142 2.73324
2143 2.73324
2144 2.73667
2145 2.73055
2146 2.72602
2147 2.73394
2148 2.73254
2149 2.73254
2150 2.74268
2151 2.73587
2152 2.73869
2153 2.73193
2154 2.73153
2155 2.73153
2156 2.73171
2157 2.73546
2158 2.72697
2159 2.73347
2160 2.73347
2161 2.73073
2162 2.73265
2163 2.7306
2164 2.7976
2165 2.80714
2166 2.80714
2167 2.79368
2168 2.79721
2169 2.80135
2170 3.05953
2171 2.79013
2172 3.07031
2173 3.07031
2174 2.53413
2175 2.80691
2176 3.06673
2177 3.07323
2178 2.53576
2179 2.80144
2180 2.80163
2181 2.80163
2182 3.06947
2183 2.52974
2184 2.53025
2185 2.80381
2186 2.79919
2187 2.81057
2188 2.81057
2189 2.79751
2190 2.80541
2191 2.79467
2192 2.80496
2193 2.79849
2194 2.79849
2195 2.80132
2196 2.79546
2197 2.80466
2198 2.80075
2199 2.79615
2200 2.79988
2201 3.06278
2202 3.0658
2203 2.53771
2204 2.79333
2205 2.7929
2206 2.79995
2207 3.06374
2208 2.52478
2209 2.52478
2210 2.80665
2211 2.80474
2212 2.8029
2213 3.06651
2214 2.53221
2215 2.53308
2216 2.80446
2217 2.79958
2218 2.80873
2219 2.53141
2220 2.79737
2221 2.79418
2222 2.797
2223 2.797
2224 2.79128
2225 2.79769
2226 2.78777
2227 2.79762
2228 2.79453
2229 2.79453
2230 2.80063
2231 2.80567
2232 2.80435
2233 2.78927
2234 2.80128
2235 2.7958
2236 3.06222
2237 3.07387
2238 2.53493
2239 2.78571
2240 2.79589
2241 2.80038
2242 3.06641
2243 2.53537
2244 2.53537
2245 2.80658
2246 2.79524
2247 2.80078
2248 3.0669
2249 2.52291
2250 2.52291
2251 2.79689
2252 2.79471
2253 2.79565
2254 2.5294
2255 2.80083
2256 2.79904
2257 2.79904
2258 2.8059
2259 2.80506
2260 2.80427
2261 2.80168
2262 2.80198
2263 2.7886
2264 2.79412
2265 2.79814
2266 2.79334
2267 2.79882
2268 2.79882
2269 2.80833
2270 2.8011
2271 2.79661
2272 2.79387
2273 2.79629
2274 2.79629
2275 2.79562
2276 2.79636
2277 2.79505
2278 3.06612
2279 2.52573
2280 2.53804
2281 2.79884
2282 2.79605
2283 2.80203
2284 2.53829
2285 2.79902
2286 2.80713
2287 2.79398
2288 2.52911
2289 2.79793
2290 3.80506
2291 3.79849
2292 3.80455
2293 3.80671
2294 3.79936
2295 3.79232
2296 3.80141
2297 3.80106
2298 3.81667
2299 3.8019
2300 3.80316
2301 3.80298
2302 3.78679
2303 3.80905
2304 3.80903
2305 3.80538
2306 3.79101
2307 3.80116
2308 3.78769
2309 3.7816
2310 3.80043
2311 3.13475
2312 4.07131
2313 4.06991
2314 3.55038
2315 4.06651
2316 3.12189
2317 3.13833
2318 3.14018
2319 3.14565
2320 4.0716
2321 3.53389
2322 4.07248
2323 3.53489
2324 4.05902
2325 3.54366
2326 3.14155
2327 3.13576
2328 3.13686
2329 3.12736
2330 4.07001
2331 3.53241
2332 4.06154
2333 3.54282
2334 4.0641
2335 3.53811
2336 3.1316
2337 3.14055
2338 3.13111
2339 3.13146
2340 3.13939
2341 3.13939
2342 3.53337
2343 4.07045
2344 3.53817
2345 3.53878
2346 3.80467
2347 3.80134
2348 3.8092
2349 3.79788
2350 3.81584
2351 3.79944
2352 3.80257
2353 3.80414
2354 3.80117
2355 3.80943
2356 3.8041
2357 3.796
2358 3.7917
2359 3.78727
2360 3.80006
2361 3.81376
2362 3.79086
2363 3.80093
2364 3.81231
2365 3.81499
2366 3.78645
2367 3.78798
2368 3.81871
2369 3.8035
2370 3.80664
2371 3.79763
2372 3.81334
2373 3.78574
2374 3.78712
2375 3.80363
2376 3.79165
2377 3.79859
2378 3.80895
2379 3.80152
2380 3.80516
2381 3.13522
2382 3.12339
2383 3.1399
2384 3.12649
2385 4.06703
2386 3.53046
2387 4.04871
2388 3.54043
2389 4.07236
2390 3.54238
2391 3.13705
2392 3.12718
2393 3.13583
2394 3.13583
2395 3.142
2396 3.12621
2397 3.53
2398 4.07034
2399 3.5356
2400 3.52459
2401 3.13248
2402 3.1282
2403 3.13533
2404 3.13411
2405 3.13462
2406 3.13331
2407 3.53065
2408 4.05023
2409 3.52474
2410 3.54247
2411 3.13345
2412 3.13345
2413 3.13027
2414 3.1344
2415 3.53145
2416 3.32468
2417 3.31766
2418 3.33126
2419 3.33624
2420 3.33907
2421 3.33021
2422 3.33119
2423 3.33119
2424 3.32644
2425 3.34199
2426 3.33912
2427 3.33346
2428 3.33722
2429 3.3336
2430 3.32644
2431 2.92885
2432 3.87163
2433 3.87271
2434 3.59231
2435 2.92725
2436 2.93827
2437 2.92767
2438 3.86224
2439 3.602
2440 3.60852
2441 2.92418
2442 2.92418
2443 2.92614
2444 3.86744
2445 3.60935
2446 3.59523
2447 2.94154
2448 2.93558
2449 2.91991
2450 3.60428
2451 3.40545
2452 3.40018
2453 3.40692
2454 3.41306
2455 3.86627
2456 3.39977
2457 3.85684
2458 3.40478
2459 3.86156
2460 3.40022
2461 3.39911
2462 3.4014
2463 3.39459
2464 3.39057
2465 3.40895
2466 3.39735
2467 3.4003
2468 3.8664
2469 3.39116
2470 3.39759
2471 2.80026
2472 2.80123
2473 2.80651
2474 3.46527
2475 2.93935
2476 2.93935
2477 3.39476
2478 3.46767
2479 3.40352
2480 3.31714
2481 2.79831
2482 2.79715
2483 2.79773
2484 2.93101
2485 3.40296
2486 3.34566
2487 3.35259
2488 3.3244
2489 3.33542
2490 3.33064
2491 3.32455
2492 3.32455
2493 3.32259
2494 3.3246
2495 3.32595
2496 3.34328
2497 3.34272
2498 3.33244
2499 3.32964
2500 3.33731
2501 3.32504
2502 3.34603
2503 3.34603
2504 3.31349
2505 3.33635
2506 2.93029
2507 2.94177
2508 2.92618
2509 3.87752
2510 3.59451
2511 3.59696
2512 2.92998
2513 2.93485
2514 2.92786
2515 3.59998
2516 2.92759
2517 2.9371
2518 2.92551
2519 3.61094
2520 2.93685
2521 3.40199
2522 3.40199
2523 3.40782
2524 3.40595
2525 3.40667
2526 3.39164
2527 3.41185
2528 3.85168
2529 3.40891
2530 3.40553
2531 3.40346
2532 3.40718
2533 3.39928
2534 3.40101
2535 3.39801
2536 2.80062
2537 2.79619
2538 2.79712
2539 2.93392
2540 3.40163
2541 2.80192
2542 4.19681
2543 4.20435
2544 4.20333
2545 4.19246
2546 4.19401
2547 4.18086
2548 4.19974
2549 4.19758
2550 4.18852
2551 4.19438
2552 4.18938
2553 4.19891
2554 4.20331
2555 4.20623
2556 4.17995
2557 4.20017
2558 4.22386
2559 4.19567
2560 4.19635
2561 4.19459
2562 4.19721
2563 4.20173
2564 4.20725
2565 4.20537
2566 4.19208
2567 4.18022
2568 4.19597
2569 4.21169
2570 4.21282
2571 4.20861
2572 4.20872
2573 4.20864
2574 4.19201
2575 4.18756
2576 4.18934
2577 4.19979
2578 4.20726
2579 4.19493
2580 4.20077
2581 4.19302
2582 4.20026
2583 4.20236
2584 4.18953
2585 4.19055
2586 4.20677
2587 4.20045
2588 4.20196
2589 4.18824
2590 4.18499
2591 4.19468
2592 4.19041
2593 4.19761
2594 4.19035
2595 4.20382
2596 4.21403
2597 4.20912
2598 3.32946
2599 3.32719
2600 3.33722
2601 3.32857
2602 3.32908
2603 4.39337
2604 3.33177
2605 4.40168
2606 4.39183
2607 3.33498
2608 4.39606
2609 4.39606
2610 3.33142
2611 3.32859
2612 4.37387
2613 3.33266
2614 3.33458
2615 3.33619
2616 3.33526
2617 3.33676
2618 3.33676
2619 3.34043
2620 3.3423
2621 3.33421
2622 3.34169
2623 3.32303
2624 4.41106
2625 4.39444
2626 3.32898
2627 3.33118
2628 4.4043
2629 3.33216
2630 3.33124
2631 4.39112
2632 3.32857
2633 3.33871
2634 3.33985
2635 3.34153
2636 3.33349
2637 3.34541
2638 3.31971
2639 3.32882
2640 3.32882
2641 3.33096
2642 3.34092
2643 3.31751
2644 4.39803
2645 4.40485
2646 3.33558
2647 3.32871
2648 4.38071
2649 3.33543
2650 3.33545
2651 4.41264
2652 3.32876
2653 3.33734
2654 3.33446
2655 3.32991
2656 3.34621
2657 3.33322
2658 3.32807
2659 3.33611
2660 3.34553
2661 3.34026
2662 3.33586
2663 3.34525
2664 3.32853
2665 4.38975
2666 3.34845
2667 3.34845
2668 2.99824
2669 3.01238
2670 3.00204
2671 3.00788
2672 3.00694
2673 3.00034
2674 3.00253
2675 2.99807
2676 2.99176
2677 2.99962
2678 2.99505
2679 2.99844
2680 2.99844
2681 3.00354
2682 2.99425
2683 4.74185
2684 4.8776
2685 4.87371
2686 3.00679
2687 4.72642
2688 4.74508
2689 4.73959
2690 4.85931
2691 3.00044
2692 3.00171
2693 4.71579
2694 4.72901
2695 4.71523
2696 4.87676
2697 2.99808
2698 2.99305
2699 4.73734
2700 4.74376
2701 4.7404
2702 2.99341
2703 2.99588
2704 2.99595
2705 2.99431
2706 3.00403
2707 2.99072
2708 2.99799
2709 3.00405
2710 3.00112
2711 3.00761
2712 3.00761
2713 2.99902
2714 2.98965
2715 3.0022
2716 3.00718
2717 3.0055
2718 3.00219
2719 2.99828
2720 2.9922
2721 2.99774
2722 2.9918
2723 4.7144
2724 4.72906
2725 4.74608
2726 4.8774
2727 2.99904
2728 2.99904
2729 4.72032
2730 4.73495
2731 4.73474
2732 3.00499
2733 4.71111
2734 4.73447
2735 4.7173
2736 3.00198
2737 4.71901
2738 2.39566
2739 2.39855
2740 2.39916
2741 2.39681
2742 2.39681
2743 2.40215
2744 2.39887
2745 2.40473
2746 2.40473
2747 2.40002
2748 2.93472
2749 3.19766
2750 3.19766
2751 2.9296
2752 2.9316
2753 3.19583
2754 2.92861
2755 2.93661
2756 3.20004
2757 2.93548
2758 3.20255
2759 3.1896
2760 3.20006
2761 3.46741
2762 3.00032
2763 3.00794
2764 3.18833
2765 3.2048
2766 3.20662
2767 3.00282
2768 3.59754
2769 3.60822
2770 4.82436
2771 2.53766
2772 3.59952
2773 2.40555
2774 2.40207
2775 2.40495
2776 2.40038
2777 2.40038
2778 2.39754
2779 2.40273
2780 2.38886
2781 2.38886
2782 2.40493
2783 2.9351
2784 2.92852
2785 3.20552
2786 2.9408
2787 2.93708
2788 3.20962
2789 3.2016
2790 3.19234
2791 2.99813
2792 3.17901
2793 3.60005
2794 4.17034
2795 4.19874
2796 4.20031
2797 4.19266
2798 4.19807
2799 4.19195
2800 4.19298
2801 4.21942
2802 4.19847
2803 4.20713
2804 4.19313
2805 4.20818
2806 4.20524
2807 4.18694
2808 4.19015
2809 4.20114
2810 4.19683
2811 4.21775
2812 4.20517
2813 4.2018
2814 4.21773
2815 4.20956
2816 4.20761
2817 4.20792
2818 4.19899
2819 4.19732
2820 4.18922
2821 4.20196
2822 4.19796
2823 4.19666
2824 4.2174
2825 4.19736
2826 4.19753
2827 4.19109
2828 4.19509
2829 2.99725
2830 2.99797
2831 2.99598
2832 2.99598
2833 4.84931
2834 4.74591
2835 4.85715
2836 4.74355
2837 4.85329
2838 4.73155
2839 3.00718
2840 3.00551
2841 2.99763
2842 2.99673
2843 2.99417
2844 2.99417
2845 4.73141
2846 4.87381
2847 4.73436
2848 4.73541
2849 2.99947
2850 3.00733
2851 3.0004
2852 3.0004
2853 2.99813
2854 3.00489
2855 4.75229
2856 4.87838
2857 4.72583
2858 4.73875
2859 3.00143
2860 3.00143
2861 2.99818
2862 2.99885
2863 4.73353
2864 5.40994
2865 5.40536
2866 5.41369
2867 5.39391
2868 5.3819
2869 5.39208
2870 5.39183
2871 5.40917
2872 5.40371
2873 5.40282
2874 3.39558
2875 6.20646
2876 6.2057
2877 3.39401
2878 3.40554
2879 6.18236
2880 3.39666
2881 3.40825
2882 6.19101
2883 3.39848
2884 5.38926
2885 5.41248
2886 5.39888
2887 5.4045
2888 5.40662
2889 5.41917
2890 5.38513
2891 5.39706
2892 5.40454
2893 5.3744
2894 3.39217
2895 3.40044
2896 6.22476
2897 3.38948
2898 3.39334
2899 3.12775
2900 3.1343
2901 3.12044
2902 3.12629
2903 3.13565
2904 3.14695
2905 4.71845
2906 5.46146
2907 4.72964
2908 4.75431
2909 3.39953
2910 3.39314
2911 3.80477
2912 3.39007
2913 3.52421
2914 3.13119
2915 3.13834
2916 3.14437
2917 3.14437
2918 4.71169
2919 3.39885
2920 2.6
2921 2.6
2922 2.60673
2923 2.58991
2924 2.60254
2925 2.60355
2926 2.60355
2927 2.59696
2928 2.59398
2929 2.60386
2930 2.60386
2931 2.60444
2932 2.60349
2933 2.59551
2934 2.59551
2935 2.60176
2936 2.60118
2937 2.59166
2938 2.60092
2939 2.60092
2940 4.11203
2941 4.12107
2942 4.12843
2943 4.27481
2944 3.20704
2945 3.20704
2946 4.13419
2947 4.12232
2948 4.12075
2949 3.21048
2950 4.12707
2951 4.11645
2952 4.12977
2953 3.19297
2954 4.10365
2955 3.00205
2956 3.00082
2957 3.00227
2958 3.00686
2959 3.00568
2960 2.99545
2961 3.12989
2962 3.26401
2963 3.12735
2964 3.13571
2965 2.99775
2966 3.00234
2967 2.9902
2968 3.00336
2969 3.1351
2970 3.32738
2971 3.33505
2972 3.34372
2973 2.39929
2974 5.38028
2975 3.32992
2976 3.33956
2977 3.32509
2978 3.32309
2979 3.32188
2980 3.33819
2981 3.32798
2982 3.33314
2983 3.33314
2984 3.33643
2985 3.32416
2986 2.80013
2987 2.79639
2988 3.60039
2989 2.80268
2990 2.80268
2991 4.12097
2992 4.12667
2993 4.12016
2994 4.72853
2995 4.14327
2996 2.91578
2997 3.00033
2998 3.01229
2999 3.00687
3000 2.99792
3001 2.98985
3002 3.40025
3003 2.59585
3004 3.81239
3005 3.79347
3006 3.79497
3007 3.79662
3008 3.80959
3009 3.81942
3010 3.81668
3011 3.78526
3012 3.80995
3013 3.80462
3014 3.7821
3015 3.80965
3016 3.81166
3017 3.8057
3018 3.79892
3019 3.79601
3020 3.8005
3021 3.79599
3022 3.80637
3023 3.79843
3024 3.79108
3025 3.79597
3026 3.81097
3027 3.79608
3028 3.80483
3029 3.79555
3030 3.79676
3031 3.79008
3032 3.80183
3033 3.79121
3034 3.80972
3035 3.80284
3036 3.80002
3037 3.79227
3038 3.79732
3039 3.79873
3040 3.78634
3041 3.80319
3042 3.7993
3043 3.80067
3044 3.80555
3045 3.80452
3046 3.79566
3047 3.79806
3048 3.79066
3049 3.80329
3050 3.80478
3051 3.78791
3052 3.79516
3053 3.80224
3054 3.80058
3055 3.79398
3056 3.80442
3057 3.80287
3058 3.80099
3059 3.79773
3060 3.79486
3061 3.79796
3062 3.80295
3063 3.79367
3064 3.81137
3065 3.80551
3066 3.80285
3067 3.80758
3068 3.80187
3069 3.7978
3070 3.81081
3071 3.79391
3072 3.79817
3073 3.80793
3074 3.79926
3075 3.80119
3076 3.78368
3077 3.80758
3078 3.79014
3079 3.81626
3080 3.80815
3081 3.80209
3082 3.78732
3083 3.80391
3084 3.78508
3085 3.80308
3086 3.78156
3087 3.8001
3088 3.79517
3089 3.80117
3090 3.79686
3091 3.78755
3092 3.80932
3093 3.79863
3094 3.80468
3095 3.80268
3096 3.81301
3097 3.78874
3098 3.8162
3099 3.80728
3100 3.77866
3101 3.79678
3102 3.81199
3103 3.79355
3104 3.79993
3105 3.78216
3106 3.79835
3107 3.79243
3108 3.80686
3109 3.79302
3110 3.80628
3111 3.80474
3112 3.81442
3113 3.80251
3114 3.81283
3115 3.79698
3116 3.8029
3117 3.8095
3118 3.79835
3119 3.8013
3120 3.78702
3121 3.79348
3122 3.79578
3123 3.80781
3124 2.99911
3125 3.0043
3126 3.00744
3127 3.00019
3128 2.99812
3129 3.00312
3130 3.00912
3131 4.4045
3132 4.13708
3133 4.40168
3134 4.39705
3135 2.79878
3136 4.4031
3137 4.13182
3138 4.39076
3139 4.41039
3140 2.79132
3141 4.4062
3142 4.14154
3143 4.14122
3144 4.12425
3145 4.12952
3146 4.41212
3147 2.80416
3148 4.40204
3149 2.80524
3150 4.39728
3151 2.79358
3152 2.99691
3153 3.00497
3154 3.00433
3155 3.00433
3156 2.99922
3157 2.99964
3158 2.99584
3159 2.9966
3160 3.01269
3161 3.00909
3162 3.00909
3163 3.00136
3164 3.00625
3165 3.00154
3166 3.00053
3167 3.00269
3168 3.00645
3169 3.00938
3170 3.00938
3171 3.00531
3172 3.00331
3173 4.13054
3174 4.39547
3175 4.40881
3176 2.80761
3177 4.41112
3178 4.14121
3179 4.14991
3180 4.13451
3181 4.14933
3182 4.39281
3183 2.79731
3184 4.39095
3185 2.80328
3186 4.402
3187 2.81558
3188 4.14048
3189 4.1416
3190 4.13294
3191 4.12285
3192 4.39663
3193 2.80548
3194 4.39097
3195 2.79289
3196 4.39836
3197 2.80242
3198 4.13165
3199 4.13204
3200 4.13635
3201 4.14937
3202 4.14014
3203 4.12637
3204 2.80118
3205 4.40198
3206 2.80007
3207 2.802
3208 2.99177
3209 2.99608
3210 2.99608
3211 3.00286
3212 3.00019
3213 2.98934
3214 3.00288
3215 3.00016
3216 2.99123
3217 2.9985
3218 2.9985
3219 2.99268
3220 3.00175
3221 3.00829
3222 2.99382
3223 3.00369
3224 3.00293
3225 3.00293
3226 3.00455
3227 3.00744
3228 3.0015
3229 4.13558
3230 4.39856
3231 4.38317
3232 2.79933
3233 4.39316
3234 4.13846
3235 4.11881
3236 4.1457
3237 4.13754
3238 4.39659
3239 2.80227
3240 4.39207
3241 2.79803
3242 4.37638
3243 2.80089
3244 4.12491
3245 4.13085
3246 4.1331
3247 4.12561
3248 4.4025
3249 2.79545
3250 4.38906
3251 2.79434
3252 4.40548
3253 2.80642
3254 4.13282
3255 4.13708
3256 4.1369
3257 4.1133
3258 4.13481
3259 4.12553
3260 2.80623
3261 4.39754
3262 2.79698
3263 2.80073
3264 2.99886
3265 2.99886
3266 3.00168
3267 3.00329
3268 3.00557
3269 2.99994
3270 3.00234
3271 3.01218
3272 2.99842
3273 2.99842
3274 3.00537
3275 3.0093
3276 2.99991
3277 3.01116
3278 2.99463
3279 2.99295
3280 2.99295
3281 3.00859
3282 3.00301
3283 3.0004
3284 2.99673
3285 2.99771
3286 2.99497
3287 2.9969
3288 2.9969
3289 2.9877
3290 2.99431
3291 3.00072
3292 2.99688
3293 2.99755
3294 3.00025
3295 2.99937
3296 2.99937
3297 3.01068
3298 2.99892
3299 4.13917
3300 4.12773
3301 4.13772
3302 4.13322
3303 4.3963
3304 2.79494
3305 4.3893
3306 2.79659
3307 4.40199
3308 2.80338
3309 4.13504
3310 4.13998
3311 4.1425
3312 4.14824
3313 4.12595
3314 4.13899
3315 2.79449
3316 4.39137
3317 2.8041
3318 2.79799
3319 4.12717
3320 4.13535
3321 4.11619
3322 4.11066
3323 4.12554
3324 4.13613
3325 2.80428
3326 4.39375
3327 2.79736
3328 2.80752
3329 4.14168
3330 4.13392
3331 4.14168
3332 4.14267
3333 2.79868
3334 3.53383
3335 3.53673
3336 3.5355
3337 3.53432
3338 3.53333
3339 3.51388
3340 3.52388
3341 3.52857
3342 3.52829
3343 3.52908
3344 3.54633
3345 3.53007
3346 3.53395
3347 3.54202
3348 3.5319
3349 3.52435
3350 3.53181
3351 3.53181
3352 3.53858
3353 3.54335
3354 3.53539
3355 3.54215
3356 3.53166
3357 3.52813
3358 3.52718
3359 3.53748
3360 3.53086
3361 3.54205
3362 3.12526
3363 4.06438
3364 4.07215
3365 3.79787
3366 4.07032
3367 4.03717
3368 3.13614
3369 3.12961
3370 3.13573
3371 3.13569
3372 3.13303
3373 4.0717
3374 3.80116
3375 4.07641
3376 4.06199
3377 3.79495
3378 4.05548
3379 4.06166
3380 3.79081
3381 3.81365
3382 4.06272
3383 3.13563
3384 3.12799
3385 3.13023
3386 3.13315
3387 3.13506
3388 4.06708
3389 3.7978
3390 4.06216
3391 4.06331
3392 3.78726
3393 4.05713
3394 4.0617
3395 3.80205
3396 3.80418
3397 4.05407
3398 3.13486
3399 3.1334
3400 3.12706
3401 3.12955
3402 3.13003
3403 3.13169
3404 3.13557
3405 3.12248
3406 3.14032
3407 3.13648
3408 3.79527
3409 4.06963
3410 4.06834
3411 3.80166
3412 3.79916
3413 4.07441
3414 3.81016
3415 3.80544
3416 4.06611
3417 3.80683
3418 3.53703
3419 3.51419
3420 3.53472
3421 3.52726
3422 3.52916
3423 3.54046
3424 3.52637
3425 3.53231
3426 3.5394
3427 3.54545
3428 3.53616
3429 3.53561
3430 3.53281
3431 3.52697
3432 3.52967
3433 3.53564
3434 3.53447
3435 3.54035
3436 3.5328
3437 3.5351
3438 3.52889
3439 3.52889
3440 3.53428
3441 3.54075
3442 3.54025
3443 3.53229
3444 3.52737
3445 3.53385
3446 3.52946
3447 3.53139
3448 3.52312
3449 3.54661
3450 3.54363
3451 3.53482
3452 3.52825
3453 3.52712
3454 3.53077
3455 3.52489
3456 3.53015
3457 3.53208
3458 3.54458
3459 3.52072
3460 3.52312
3461 3.53555
3462 3.54012
3463 3.5301
3464 3.5378
3465 3.54132
3466 3.52639
3467 3.53148
3468 3.52605
3469 3.52605
3470 3.53789
3471 3.53373
3472 3.54274
3473 3.5266
3474 3.12376
3475 3.13333
3476 3.14613
3477 3.14254
3478 3.12237
3479 4.06645
3480 3.7887
3481 4.08619
3482 4.06262
3483 3.79115
3484 4.06694
3485 4.05931
3486 3.80323
3487 3.7948
3488 4.06378
3489 3.12869
3490 3.13837
3491 3.1398
3492 3.1175
3493 3.14154
3494 3.1306
3495 3.13758
3496 3.14763
3497 3.13703
3498 3.13744
3499 3.81427
3500 4.06708
3501 4.07753
3502 3.80643
3503 3.80113
3504 4.06735
3505 3.79381
3506 3.80136
3507 4.06997
3508 3.79634
3509 3.1342
3510 3.14371
3511 3.12225
3512 3.12441
3513 3.13241
3514 3.13515
3515 3.12533
3516 3.14143
3517 3.13924
3518 3.13926
3519 3.79579
3520 4.05249
3521 4.06152
3522 3.79521
3523 3.79657
3524 4.06039
3525 3.81013
3526 3.78941
3527 4.07464
3528 3.80746
3529 3.15063
3530 3.12657
3531 3.12657
3532 3.13132
3533 3.14048
3534 3.13404
3535 3.13002
3536 3.12885
3537 3.1439
3538 3.11552
3539 3.80636
3540 3.79351
3541 4.07377
3542 3.79525
3543 3.78926
3544 2.59682
3545 2.60259
3546 2.60259
3547 2.58911
3548 2.59522
3549 2.59721
3550 2.60515
3551 2.60515
3552 2.59496
3553 2.58984
3554 2.59841
3555 2.60013
3556 2.60013
3557 2.60514
3558 2.59749
3559 2.5969
3560 2.6048
3561 2.6048
3562 2.59976
3563 2.60391
3564 2.60014
3565 3.19098
3566 3.60158
3567 3.60158
3568 2.79815
3569 3.60979
3570 3.20512
3571 3.2014
3572 3.19563
3573 3.20076
3574 3.59261
3575 2.79639
3576 3.59314
3577 2.79971
3578 3.60512
3579 2.80084
3580 3.21266
3581 3.20699
3582 3.18665
3583 3.19641
3584 3.59381
3585 2.79309
3586 3.58718
3587 2.7986
3588 3.59715
3589 2.79627
3590 3.19126
3591 3.19784
3592 3.1903
3593 3.20133
3594 3.20692
3595 3.19779
3596 2.80627
3597 3.60511
3598 2.80042
3599 2.80119
3600 3.12377
3601 3.14237
3602 3.14237
3603 3.13285
3604 3.14175
3605 3.26633
3606 2.99932
3607 3.27131
3608 3.26669
3609 2.99043
3610 3.25921
3611 3.27506
3612 3.00512
3613 3.00211
3614 3.26516
3615 3.12473
3616 3.13229
3617 3.12784
3618 3.12488
3619 3.12817
3620 3.13138
3621 3.13709
3622 3.13428
3623 3.1302
3624 3.13691
3625 2.99542
3626 3.26281
3627 3.26185
3628 2.99201
3629 3.01117
3630 3.25809
3631 2.99788
3632 2.99803
3633 3.27272
3634 3.00642
3635 3.20415
3636 3.20425
3637 3.19535
3638 3.19648
3639 3.603
3640 2.5382
3641 3.59751
3642 2.52746
3643 3.5905
3644 2.53964
3645 4.1835
3646 4.2641
3647 4.26425
3648 4.19545
3649 4.18238
3650 4.26116
3651 2.79384
3652 4.39513
3653 3.06247
3654 2.79569
3655 3.21612
3656 3.20947
3657 3.21236
3658 3.21082
3659 3.19818
3660 3.19818
3661 2.54174
3662 3.59867
3663 2.53721
3664 2.53336
3665 4.21293
3666 4.19355
3667 4.26844
3668 4.18466
3669 2.80466
3670 2.60028
3671 2.60165
3672 2.60165
3673 2.60292
3674 2.60377
3675 2.6053
3676 2.60266
3677 2.60266
3678 2.60176
3679 2.60267
3680 2.59636
3681 2.60237
3682 2.60237
3683 2.60254
3684 2.58853
3685 2.61164
3686 2.60339
3687 2.60339
3688 2.5995
3689 2.60158
3690 2.60155
3691 2.59923
3692 2.59923
3693 2.60196
3694 2.60375
3695 2.59356
3696 2.60268
3697 2.60268
3698 2.5985
3699 2.59602
3700 2.59965
3701 2.59388
3702 2.59388
3703 2.60185
3704 2.60118
3705 3.19503
3706 3.20899
3707 3.19945
3708 3.19945
3709 3.59246
3710 2.78821
3711 3.60666
3712 2.80328
3713 3.59988
3714 2.79898
3715 3.20188
3716 3.20419
3717 3.20419
3718 3.19954
3719 3.20158
3720 3.21462
3721 2.79847
3722 3.59744
3723 2.80159
3724 2.80159
3725 3.19077
3726 3.20176
3727 3.19628
3728 3.20111
3729 3.20539
3730 3.21514
3731 2.80782
3732 3.60816
3733 2.79166
3734 2.79515
3735 3.18322
3736 3.19217
3737 3.20634
3738 3.20634
3739 2.80088
3740 3.13808
3741 3.13792
3742 3.1291
3743 3.12997
3744 3.1303
3745 3.13992
3746 3.1373
3747 3.14079
3748 3.12688
3749 3.13166
3750 2.99331
3751 3.27056
3752 3.26433
3753 3.00285
3754 3.0048
3755 3.25625
3756 3.00036
3757 2.98874
3758 3.27001
3759 2.99645
3760 3.13746
3761 3.13746
3762 3.14002
3763 3.13212
3764 3.1403
3765 3.11799
3766 3.13929
3767 3.12676
3768 3.13216
3769 3.12887
3770 2.99172
3771 2.99647
3772 3.26911
3773 3.00167
3774 2.99032
3775 3.18657
3776 3.20178
3777 3.19796
3778 3.20392
3779 3.19159
3780 3.19403
3781 2.53391
3782 3.59498
3783 2.52842
3784 2.53436
3785 4.17559
3786 4.21325
3787 4.27872
3788 4.1927
3789 2.79055
3790 3.21128
3791 3.21489
3792 3.20345
3793 3.20258
3794 2.53588
3795 4.19089
3796 2.72878
3797 2.72803
3798 2.73502
3799 2.73502
3800 2.73939
3801 2.73847
3802 2.73498
3803 2.73072
3804 2.73789
3805 2.73789
3806 2.73255
3807 2.72968
3808 2.73084
3809 2.73726
3810 2.73726
3811 2.73472
3812 2.73718
3813 2.73299
3814 2.73281
3815 2.73281
3816 2.73012
3817 2.73138
3818 2.73946
3819 2.73639
3820 2.73696
3821 2.73696
3822 2.73864
3823 2.73702
3824 2.7277
3825 2.73204
3826 2.73204
3827 2.73547
3828 2.72914
3829 2.73363
3830 2.7338
3831 2.73207
3832 2.73207
3833 2.72363
3834 2.7324
3835 2.72366
3836 2.73382
3837 2.73382
3838 2.73478
3839 2.73875
3840 2.73012
3841 2.73953
3842 2.73953
3843 2.72557
3844 2.73012
3845 2.73494
3846 2.73233
3847 2.73317
3848 2.73317
3849 2.73152
3850 2.73725
3851 2.72455
3852 2.74034
3853 2.74034
3854 2.73533
3855 2.74037
3856 2.72736
3857 2.72924
3858 2.72924
3859 2.7342
3860 2.73888
3861 2.73132
3862 2.73791
3863 2.73657
3864 2.73657
3865 2.73752
3866 2.73569
3867 2.73144
3868 2.73487
3869 2.727
3870 2.727
3871 2.7369
3872 2.73667
3873 2.73318
3874 2.7285
3875 2.7285
3876 2.73278
3877 2.7326
3878 2.74058
3879 2.72552
3880 3.81194
3881 3.8068
3882 3.7998
3883 3.79573
3884 3.79207
3885 3.79446
3886 4.05461
3887 3.13834
3888 4.06146
3889 4.07661
3890 3.52933
3891 3.13411
3892 4.07878
3893 4.07762
3894 3.5467
3895 3.13222
3896 3.12378
3897 3.13767
3898 4.06674
3899 3.52992
3900 3.52887
3901 3.81887
3902 3.81203
3903 3.79895
3904 3.8029
3905 3.80618
3906 3.80538
3907 3.79222
3908 3.80707
3909 3.81183
3910 3.78296
3911 3.80908
3912 3.81113
3913 3.80508
3914 3.7995
3915 3.78727
3916 3.12327
3917 4.05785
3918 4.07238
3919 3.53311
3920 3.12595
3921 3.12595
3922 3.13447
3923 4.06251
3924 3.53421
3925 3.53697
3926 3.1313
3927 3.13959
3928 3.1327
3929 4.07433
3930 3.51936
3931 3.52258
3932 3.13149
3933 3.12885
3934 3.12511
3935 3.53012
3936 3.79166
3937 3.789
3938 3.78809
3939 3.78922
3940 3.77315
3941 3.78671
3942 3.79208
3943 3.79449
3944 3.80754
3945 3.77589
3946 3.80039
3947 3.79696
3948 3.78897
3949 3.78236
3950 3.79964
3951 3.12759
3952 4.07397
3953 4.06928
3954 3.51716
3955 3.13465
3956 3.1355
3957 3.12551
3958 4.07122
3959 3.53789
3960 3.5361
3961 3.14042
3962 3.13891
3963 3.13978
3964 4.07261
3965 3.53508
3966 3.5204
3967 3.14045
3968 3.13361
3969 3.13361
3970 3.53515
3971 3.79179
3972 3.8081
3973 3.79585
3974 3.80182
3975 3.8067
3976 3.80204
3977 3.80569
3978 3.80039
3979 3.79188
3980 3.78877
3981 3.7975
3982 3.80177
3983 3.80266
3984 3.8007
3985 3.78919
3986 3.80577
3987 3.79059
3988 3.79027
3989 3.81709
3990 3.80494
3991 3.13548
3992 3.14033
3993 3.12569
3994 4.04015
3995 3.54136
3996 3.5365
3997 3.13962
3998 3.13583
3999 3.13337
4000 3.53204
4001 3.1383
4002 3.13673
4003 3.13673
4004 3.54186
4005 3.13294
4006 4.19045
4007 4.19935
4008 4.19313
4009 4.19058
4010 4.19373
4011 4.18342
4012 4.20298
4013 4.22134
4014 4.19647
4015 4.20322
4016 4.19579
4017 4.19207
4018 4.21354
4019 4.18582
4020 4.19192
4021 4.21039
4022 4.20387
4023 4.1897
4024 4.19004
4025 4.20988
4026 4.20754
4027 3.32825
4028 4.39711
4029 4.3897
4030 3.32546
4031 4.40835
4032 3.34025
4033 3.33122
4034 3.33363
4035 3.3285
4036 4.38821
4037 3.33429
4038 4.40508
4039 3.33977
4040 4.40897
4041 3.33153
4042 3.33003
4043 3.34018
4044 3.32226
4045 3.33279
4046 4.40664
4047 3.33184
4048 4.39784
4049 3.32388
4050 4.38821
4051 3.32181
4052 3.33926
4053 3.32841
4054 3.33864
4055 3.33384
4056 3.33811
4057 3.33291
4058 3.3285
4059 4.4104
4060 3.32208
4061 3.32876
4062 4.20847
4063 4.19448
4064 4.21958
4065 4.19305
4066 4.20384
4067 4.19429
4068 4.20502
4069 4.2018
4070 4.20482
4071 4.20463
4072 4.19679
4073 4.20085
4074 4.19836
4075 4.20179
4076 4.2
4077 4.19192
4078 4.19375
4079 4.20308
4080 4.20015
4081 4.18602
4082 4.18735
4083 4.20701
4084 4.21881
4085 4.18992
4086 4.20535
4087 4.20587
4088 4.18104
4089 4.18119
4090 4.19698
4091 4.20415
4092 4.20299
4093 4.19676
4094 4.19507
4095 4.19149
4096 4.20493
4097 3.33204
4098 3.33214
4099 3.3299
4100 3.32803
4101 4.41108
4102 3.32513
4103 4.39518
4104 3.33462
4105 4.40218
4106 3.34082
4107 3.3365
4108 3.34794
4109 3.33269
4110 3.32624
4111 3.32802
4112 3.33554
4113 3.32815
4114 4.39079
4115 3.32919
4116 3.32823
4117 3.34267
4118 3.32484
4119 3.32746
4120 3.34094
4121 3.32611
4122 3.3178
4123 3.33122
4124 4.40988
4125 3.32905
4126 3.33315
4127 3.33583
4128 3.3361
4129 3.3361
4130 3.34736
4131 3.335
4132 4.19287
4133 4.20694
4134 4.18849
4135 4.20639
4136 4.19794
4137 4.19208
4138 4.20399
4139 4.21292
4140 4.19078
4141 4.21336
4142 4.20381
4143 4.20725
4144 4.20279
4145 4.18577
4146 4.19829
4147 2.99738
4148 4.88647
4149 4.87182
4150 4.71953
4151 2.98998
4152 3.00596
4153 3.00787
4154 4.87015
4155 4.76074
4156 4.7131
4157 2.98691
4158 2.98781
4159 3.00141
4160 4.86271
4161 4.73352
4162 4.73591
4163 3.01046
4164 2.99938
4165 3.00316
4166 4.72388
4167 5.39547
4168 5.3976
4169 5.40186
4170 5.40545
4171 6.19586
4172 3.395
4173 6.18286
4174 3.39553
4175 6.20711
4176 3.4062
4177 5.39156
4178 5.39091
4179 5.42502
4180 5.40158
4181 5.40838
4182 5.41507
4183 3.40395
4184 6.2164
4185 3.40177
4186 3.3961
4187 3.13745
4188 3.12277
4189 3.12937
4190 5.46008
4191 4.73275
4192 4.73671
4193 3.39356
4194 3.80203
4195 3.40891
4196 3.53165
4197 3.12172
4198 3.1261
4199 3.13007
4200 4.72614
4201 3.40645
4202 4.20674
4203 4.19864
4204 4.18589
4205 4.20175
4206 4.20958
4207 4.19843
4208 4.19696
4209 4.21234
4210 4.21065
4211 4.22466
4212 4.17927
4213 4.22513
4214 4.19197
4215 4.20233
4216 4.20598
4217 4.19883
4218 4.20045
4219 4.20179
4220 4.19088
4221 4.20728
4222 2.9995
4223 3.00183
4224 2.99586
4225 4.86612
4226 4.74723
4227 4.73145
4228 3.00036
4229 3.00204
4230 3.00178
4231 4.72382
4232 2.99863
4233 3.00395
4234 2.99546
4235 4.73742
4236 3.00213
4237 5.42505
4238 5.40423
4239 5.39654
4240 5.39521
4241 5.38287
4242 5.37653
4243 3.40421
4244 6.20392
4245 3.38952
4246 3.40861
4247 5.41232
4248 5.39539
4249 5.40426
4250 5.42724
4251 3.40251
4252 3.1314
4253 3.1308
4254 3.13264
4255 4.72926
4256 3.41114
4257 3.13717
4258 2.79394
4259 2.79777
4260 2.80201
4261 2.79995
4262 2.80199
4263 2.79566
4264 2.79465
4265 2.79465
4266 2.80444
4267 2.79724
4268 2.80132
4269 2.79818
4270 2.79448
4271 2.8014
4272 2.8014
4273 2.79167
4274 2.80704
4275 2.79706
4276 2.79572
4277 2.79971
4278 2.79681
4279 2.80029
4280 2.80029
4281 2.79744
4282 2.8031
4283 2.80369
4284 2.79899
4285 2.80387
4286 2.80489
4287 2.79287
4288 2.79287
4289 2.79871
4290 2.78967
4291 2.80251
4292 2.79558
4293 2.7968
4294 2.79469
4295 2.79469
4296 2.79011
4297 2.80175
4298 2.79792
4299 2.80105
4300 2.80062
4301 2.79872
4302 2.79976
4303 2.79976
4304 2.79872
4305 2.80694
4306 2.80345
4307 2.804
4308 2.80211
4309 2.79506
4310 2.80158
4311 2.80158
4312 2.80282
4313 2.79976
4314 2.79383
4315 2.80314
4316 2.79525
4317 2.80089
4318 2.80852
4319 3.06088
4320 2.52504
4321 3.06073
4322 3.07112
4323 2.52891
4324 3.0617
4325 3.0616
4326 2.52475
4327 2.53464
4328 3.06849
4329 2.80146
4330 2.80146
4331 2.79927
4332 2.7936
4333 2.80967
4334 2.79709
4335 2.8042
4336 2.79632
4337 2.80082
4338 2.80215
4339 2.53235
4340 3.06491
4341 3.06606
4342 2.53704
4343 2.54026
4344 3.07116
4345 2.53553
4346 2.53195
4347 3.07043
4348 2.52731
4349 2.79484
4350 2.80307
4351 2.79237
4352 2.80314
4353 2.79702
4354 2.8003
4355 2.79857
4356 2.79818
4357 2.79779
4358 2.7993
4359 2.53322
4360 3.06599
4361 3.06407
4362 2.52786
4363 2.53414
4364 3.07217
4365 2.53896
4366 2.53896
4367 3.06174
4368 2.53376
4369 2.79598
4370 2.80714
4371 2.79591
4372 2.79915
4373 2.79577
4374 2.80288
4375 2.80608
4376 2.80608
4377 2.80592
4378 2.79808
4379 2.5315
4380 2.53619
4381 3.06859
4382 2.53024
4383 2.52839
4384 3.33441
4385 3.34104
4386 3.33039
4387 3.33213
4388 3.33177
4389 3.33074
4390 3.33806
4391 3.32738
4392 3.32227
4393 3.32669
4394 3.33128
4395 3.33435
4396 3.32544
4397 3.32544
4398 3.33216
4399 3.40271
4400 3.8787
4401 3.86382
4402 3.39842
4403 3.40233
4404 3.39592
4405 3.40173
4406 3.87689
4407 3.39171
4408 3.39909
4409 3.39946
4410 3.40092
4411 3.40911
4412 3.86261
4413 3.38218
4414 3.4
4415 3.39464
4416 3.40412
4417 3.40537
4418 3.40512
4419 3.33121
4420 3.33276
4421 3.32546
4422 3.33526
4423 3.34494
4424 3.32565
4425 3.32461
4426 3.33685
4427 3.32678
4428 3.32397
4429 3.33283
4430 3.35068
4431 3.33711
4432 3.32411
4433 3.33179
4434 3.32492
4435 3.33371
4436 3.33371
4437 3.33199
4438 3.3285
4439 3.3953
4440 3.39997
4441 3.3965
4442 3.85955
4443 3.39514
4444 3.39137
4445 3.40421
4446 3.40349
4447 3.40318
4448 3.40397
4449 3.4
4450 3.39839
4451 3.39503
4452 3.40641
4453 3.40929
4454 2.93488
4455 2.92493
4456 2.93737
4457 2.93011
4458 2.93103
4459 2.93722
4460 2.9407
4461 2.93582
4462 2.9331
4463 2.9331
4464 3.60762
4465 3.87489
4466 3.88003
4467 3.61574
4468 3.60622
4469 3.87716
4470 3.59186
4471 3.58995
4472 3.86288
4473 3.59801
4474 2.80467
4475 2.79752
4476 2.79889
4477 3.46355
4478 3.40116
4479 3.40748
4480 2.79364
4481 2.80731
4482 2.79887
4483 3.40412
4484 2.92996
4485 2.94258
4486 3.46663
4487 3.34188
4488 2.9297
4489 2.94444
4490 2.93257
4491 2.92452
4492 2.93523
4493 2.93703
4494 2.93043
4495 2.94071
4496 2.93548
4497 2.93625
4498 2.92211
4499 3.60858
4500 3.61165
4501 3.8825
4502 3.6001
4503 3.59849
4504 2.80026
4505 2.80212
4506 2.80213
4507 3.40353
4508 2.79307
4509 2.92185
4510 2.9925
4511 2.99939
4512 3.0058
4513 3.0064
4514 2.99704
4515 2.9888
4516 3.00744
4517 3.00744
4518 2.99749
4519 2.99146
4520 3.00915
4521 3.00508
4522 2.99693
4523 2.99505
4524 3.00617
4525 3.00491
4526 3.00196
4527 2.98951
4528 3.0107
4529 2.99826
4530 3.00363
4531 3.00583
4532 3.00583
4533 2.99568
4534 3.00411
4535 2.9961
4536 3.0159
4537 2.98881
4538 2.99626
4539 3.00601
4540 3.00144
4541 3.00169
4542 3.00837
4543 2.99858
4544 3.00254
4545 2.39806
4546 2.39806
4547 2.3972
4548 2.39687
4549 3.19474
4550 2.92784
4551 3.19225
4552 2.93786
4553 3.1921
4554 2.9251
4555 2.39942
4556 2.39446
4557 2.3997
4558 2.40238
4559 2.3994
4560 2.3994
4561 2.93756
4562 3.20325
4563 2.92354
4564 2.92923
4565 2.40283
4566 2.4018
4567 2.4018
4568 2.40055
4569 2.392
4570 2.40189
4571 2.93772
4572 3.20142
4573 2.92607
4574 2.93468
4575 2.40105
4576 2.39942
4577 2.40242
4578 2.40242
4579 2.93074
4580 4.72603
4581 4.69515
4582 4.7453
4583 4.73907
4584 4.71918
4585 4.73178
4586 4.74834
4587 4.72149
4588 4.72766
4589 4.74114
4590 2.99901
4591 4.84513
4592 4.86161
4593 3.00215
4594 3.00202
4595 4.87686
4596 2.99268
4597 2.99714
4598 4.86461
4599 3.01493
4600 4.73916
4601 4.72668
4602 4.74454
4603 4.72739
4604 4.74212
4605 4.72788
4606 4.74694
4607 4.73872
4608 4.7506
4609 4.73529
4610 3.00011
4611 3.00011
4612 4.86935
4613 2.99611
4614 2.99611
4615 3.19208
4616 3.1976
4617 3.20016
4618 3.20093
4619 3.20541
4620 3.19693
4621 3.59783
4622 4.79586
4623 3.59996
4624 3.59645
4625 2.99654
4626 3.00291
4627 3.45904
4628 2.9994
4629 2.53444
4630 3.19884
4631 3.19884
4632 3.19726
4633 3.21708
4634 3.6146
4635 2.99175
4636 2.60017
4637 2.60614
4638 2.59633
4639 2.60065
4640 2.59604
4641 2.59604
4642 2.6008
4643 2.59909
4644 2.59954
4645 2.59954
4646 2.60194
4647 2.60443
4648 2.59777
4649 2.60132
4650 2.60132
4651 2.61058
4652 2.60258
4653 2.60075
4654 2.59769
4655 2.59769
4656 2.9937
4657 2.99459
4658 2.99538
4659 3.26345
4660 3.13304
4661 3.12757
4662 3.00655
4663 3.00383
4664 3.00084
4665 3.13385
4666 3.00092
4667 3.00801
4668 3.01329
4669 3.13575
4670 2.99551
4671 3.33004
4672 3.33822
4673 3.33609
4674 3.33188
4675 3.34015
4676 3.33356
4677 2.79806
4678 3.59999
4679 2.79887
4680 2.80499
4681 3.34607
4682 3.3244
4683 3.33799
4684 3.33378
4685 2.79859
4686 3.00176
4687 2.99271
4688 2.99795
4689 3.00096
4690 3.40239
4691 2.99151
4692 4.14329
4693 4.12736
4694 4.13093
4695 4.14103
4696 4.13719
4697 4.13488
4698 4.14499
4699 4.14567
4700 4.13183
4701 4.13383
4702 3.21276
4703 3.20421
4704 4.27131
4705 3.20049
4706 3.20049
4707 3.32014
4708 3.31763
4709 3.33522
4710 5.37486
4711 3.32529
4712 2.40029
4713 4.13495
4714 4.12825
4715 4.12419
4716 4.12619
4717 2.94891
4718 4.72729
4719 2.59849
4720 2.72742
4721 2.7312
4722 2.72577
4723 2.7341
4724 2.73769
4725 2.73769
4726 2.72964
4727 2.72777
4728 2.73233
4729 2.73446
4730 2.73704
4731 2.73704
4732 2.73251
4733 2.7309
4734 2.72902
4735 2.73067
4736 2.73304
4737 2.73304
4738 2.7327
4739 2.73149
4740 2.74145
4741 2.73108
4742 2.73626
4743 2.73626
4744 2.7372
4745 2.73362
4746 2.73343
4747 2.74002
4748 2.73377
4749 2.73377
4750 2.73527
4751 2.73204
4752 2.72781
4753 2.72845
4754 2.73888
4755 2.73888
4756 2.73017
4757 2.73047
4758 2.73397
4759 2.73452
4760 2.73452
4761 2.73576
4762 2.73107
4763 2.73117
4764 2.73273
4765 2.73081
4766 2.73081
4767 2.73837
4768 2.74038
4769 2.73598
4770 2.72977
4771 2.7422
4772 2.7422
4773 2.73576
4774 2.73136
4775 2.73408
4776 2.73286
4777 2.74343
4778 2.74343
4779 2.7363
4780 2.73577
4781 2.73337
4782 2.73637
4783 2.73637
4784 2.73785
4785 2.73527
4786 2.73776
4787 2.73319
4788 2.73568
4789 2.73568
4790 2.73083
4791 2.73063
4792 2.72781
4793 2.72645
4794 2.72878
4795 2.72878
4796 2.73704
4797 2.73242
4798 2.73459
4799 2.73092
4800 2.73197
4801 2.73197
4802 2.73334
4803 2.73194
4804 4.20623
4805 4.18796
4806 4.19676
4807 4.20316
4808 4.19447
4809 4.17764
4810 4.39691
4811 3.33369
4812 4.38845
4813 4.3793
4814 3.33433
4815 3.32422
4816 4.40186
4817 4.40186
4818 3.33039
4819 3.32462
4820 3.32884
4821 3.32863
4822 4.40174
4823 3.3303
4824 3.33493
4825 4.19673
4826 4.20108
4827 4.20176
4828 4.20139
4829 4.19953
4830 4.19161
4831 4.22346
4832 4.20996
4833 4.19419
4834 4.22326
4835 4.18633
4836 4.19337
4837 4.20523
4838 4.20819
4839 4.19196
4840 3.34818
4841 4.41552
4842 4.40245
4843 3.33394
4844 3.32053
4845 3.33752
4846 3.32125
4847 4.39765
4848 3.33981
4849 3.33857
4850 3.33915
4851 3.32386
4852 3.33698
4853 4.40315
4854 3.33305
4855 3.34122
4856 3.3407
4857 3.33708
4858 3.32736
4859 3.32499
4860 4.19646
4861 4.18971
4862 4.19276
4863 4.19231
4864 4.20761
4865 4.20475
4866 4.20085
4867 4.19691
4868 4.19706
4869 4.19395
4870 4.19674
4871 4.20041
4872 4.20877
4873 4.18365
4874 4.19805
4875 3.33495
4876 4.3928
4877 4.40381
4878 3.3453
4879 3.33494
4880 3.3435
4881 3.33473
4882 4.41157
4883 3.34453
4884 3.34148
4885 3.32822
4886 3.3268
4887 3.33708
4888 4.4003
4889 3.32864
4890 3.34087
4891 3.33069
4892 3.32166
4893 3.33315
4894 3.34171
4895 4.19119
4896 4.21173
4897 4.20875
4898 4.18553
4899 4.2019
4900 4.19278
4901 4.21939
4902 4.1944
4903 4.21339
4904 4.20631
4905 4.21681
4906 4.19235
4907 4.2115
4908 4.20337
4909 4.2073
4910 4.20081
4911 4.21626
4912 4.18986
4913 4.199
4914 4.19824
4915 3.34187
4916 3.35018
4917 3.32563
4918 4.39584
4919 3.34617
4920 3.3413
4921 3.3354
4922 3.32266
4923 3.33254
4924 3.33414
4925 3.34574
4926 3.32921
4927 3.33927
4928 3.33289
4929 3.33363
4930 2.80266
4931 2.79372
4932 2.80255
4933 2.80156
4934 2.8114
4935 2.80354
4936 2.79639
4937 2.80306
4938 2.80306
4939 2.80485
4940 2.79788
4941 2.79678
4942 2.80576
4943 2.79845
4944 2.80429
4945 2.80429
4946 2.80116
4947 2.79695
4948 2.80408
4949 2.7942
4950 2.80188
4951 2.7909
4952 3.07897
4953 3.07897
4954 2.52564
4955 3.07041
4956 2.79379
4957 2.81012
4958 2.79561
4959 2.79636
4960 3.07401
4961 2.53848
4962 3.0644
4963 2.53711
4964 3.07151
4965 2.52772
4966 2.80379
4967 2.80729
4968 2.80038
4969 2.79273
4970 3.06887
4971 2.53258
4972 3.0677
4973 2.53063
4974 3.07039
4975 2.54407
4976 2.8064
4977 2.79207
4978 2.79524
4979 2.80122
4980 2.80441
4981 2.79725
4982 2.53695
4983 3.06526
4984 2.52945
4985 2.53257
4986 2.79748
4987 2.80096
4988 2.80397
4989 2.80397
4990 2.80303
4991 2.79943
4992 2.80196
4993 2.80025
4994 2.80283
4995 2.7978
4996 2.7978
4997 2.7903
4998 2.79852
4999 2.80463
5000 2.80014
5001 2.7985
5002 2.80431
5003 2.79109
5004 2.79109
5005 2.79514
5006 2.80096
5007 2.79576
5008 2.79041
5009 2.80048
5010 2.80455
5011 2.80335
5012 2.80335
5013 2.80536
5014 2.80367
5015 2.79007
5016 2.79713
5017 2.79831
5018 2.79492
5019 2.79492
5020 2.79584
5021 2.79514
5022 2.80342
5023 2.80005
5024 2.79359
5025 3.06675
5026 2.5311
5027 3.07031
5028 2.53365
5029 3.06517
5030 2.53307
5031 2.79837
5032 2.79136
5033 2.80508
5034 2.79987
5035 2.8025
5036 2.80347
5037 2.53686
5038 3.06854
5039 2.53003
5040 2.52916
5041 2.80825
5042 2.79787
5043 2.80029
5044 2.81113
5045 2.79956
5046 2.79825
5047 2.53417
5048 3.06677
5049 2.52717
5050 2.53718
5051 2.80569
5052 2.79725
5053 2.80053
5054 2.80002
5055 2.53218
5056 2.99069
5057 2.98889
5058 2.99818
5059 3.0042
5060 3.00152
5061 3.0024
5062 2.9936
5063 2.99582
5064 3.00191
5065 3.00256
5066 3.0107
5067 2.99581
5068 2.99442
5069 3.00171
5070 2.99529
5071 2.40325
5072 3.19669
5073 3.21569
5074 2.94959
5075 2.39957
5076 2.39932
5077 2.40271
5078 3.19357
5079 2.92833
5080 2.93493
5081 2.39441
5082 2.40086
5083 2.39656
5084 3.19341
5085 2.92737
5086 2.92418
5087 2.40001
5088 2.40573
5089 2.40573
5090 2.93221
5091 4.72743
5092 4.74319
5093 4.71203
5094 4.73894
5095 4.88026
5096 3.00021
5097 4.856
5098 2.99457
5099 4.87279
5100 2.99112
5101 4.7283
5102 4.73941
5103 4.72741
5104 4.72639
5105 4.7461
5106 4.74463
5107 2.99678
5108 4.85755
5109 3.01035
5110 2.9992
5111 3.19562
5112 3.19439
5113 3.20767
5114 4.814
5115 3.58736
5116 3.60406
5117 2.98836
5118 3.46884
5119 2.99367
5120 2.53326
5121 3.19523
5122 3.20125
5123 3.20482
5124 3.59187
5125 2.99915
5126 2.99328
5127 2.99155
5128 2.99155
5129 3.00091
5130 3.00013
5131 3.00172
5132 3.00356
5133 2.99318
5134 3.00012
5135 3.00586
5136 3.0043
5137 3.00667
5138 3.00408
5139 2.99981
5140 3.00608
5141 2.99617
5142 2.99617
5143 3.00239
5144 2.99614
5145 3.00843
5146 2.40503
5147 2.40198
5148 2.39475
5149 3.20346
5150 2.93684
5151 2.92656
5152 2.40688
5153 2.40227
5154 2.40089
5155 2.9303
5156 2.39194
5157 2.40319
5158 2.40103
5159 2.93792
5160 2.40128
5161 4.72391
5162 4.74508
5163 4.73015
5164 4.73428
5165 4.72945
5166 4.73918
5167 3.00853
5168 4.87743
5169 3.00368
5170 3.0022
5171 4.73705
5172 4.7287
5173 4.73529
5174 4.74358
5175 2.99536
5176 3.19761
5177 3.19806
5178 3.19088
5179 3.60095
5180 2.99552
5181 3.19504
5182 3.80905
5183 3.79902
5184 3.81129
5185 3.79073
5186 3.79498
5187 3.79713
5188 3.80356
5189 3.80435
5190 3.79749
5191 3.7999
5192 3.79727
5193 3.79695
5194 3.79681
5195 3.80461
5196 3.80324
5197 3.79527
5198 3.79421
5199 3.79498
5200 3.80174
5201 3.79525
5202 3.80854
5203 3.8009
5204 3.79484
5205 3.79706
5206 3.80132
5207 3.79438
5208 3.80513
5209 3.80819
5210 3.78952
5211 3.8004
5212 3.81505
5213 3.81783
5214 3.79892
5215 3.79244
5216 3.80891
5217 3.78884
5218 3.79176
5219 3.79433
5220 3.79
5221 3.79675
5222 3.80274
5223 3.79017
5224 3.78926
5225 3.79968
5226 3.80884
5227 3.79696
5228 3.80574
5229 3.81351
5230 3.80696
5231 3.80827
5232 3.79702
5233 3.79288
5234 3.79787
5235 3.8061
5236 3.79911
5237 3.78772
5238 3.13083
5239 3.13113
5240 3.13824
5241 3.12581
5242 3.13933
5243 4.07299
5244 3.52857
5245 4.05537
5246 4.05275
5247 3.52735
5248 4.06006
5249 4.06479
5250 3.52015
5251 3.54527
5252 4.06411
5253 3.13412
5254 3.13586
5255 3.12398
5256 3.12398
5257 3.13138
5258 3.13838
5259 3.13215
5260 3.13865
5261 3.13093
5262 3.13184
5263 3.53328
5264 4.05891
5265 4.07305
5266 3.53765
5267 3.52147
5268 4.05992
5269 3.53758
5270 3.51999
5271 4.07355
5272 3.52345
5273 3.13234
5274 3.13285
5275 3.13285
5276 3.1338
5277 3.12212
5278 3.13955
5279 3.13669
5280 3.14007
5281 3.13188
5282 3.12579
5283 3.51665
5284 4.07624
5285 4.05968
5286 3.53853
5287 3.53736
5288 4.05575
5289 3.52609
5290 3.52549
5291 4.0692
5292 3.53
5293 3.12766
5294 3.1343
5295 3.1343
5296 3.12344
5297 3.13065
5298 3.13824
5299 3.1284
5300 3.13743
5301 3.13142
5302 3.13816
5303 3.53786
5304 3.53214
5305 4.06554
5306 3.53599
5307 3.52689
5308 4.19222
5309 4.19409
5310 4.19349
5311 4.19513
5312 4.20801
5313 4.19372
5314 4.2062
5315 4.2056
5316 4.20533
5317 4.19252
5318 4.18823
5319 4.22205
5320 4.17554
5321 4.19227
5322 4.21018
5323 5.41246
5324 6.19331
5325 6.19331
5326 3.40346
5327 5.38935
5328 5.40211
5329 5.41394
5330 6.1951
5331 3.41509
5332 3.40294
5333 5.39544
5334 5.39864
5335 5.41419
5336 6.21919
5337 3.40963
5338 3.39655
5339 5.39829
5340 5.40269
5341 5.39826
5342 3.41037
5343 4.18725
5344 4.1974
5345 4.18921
5346 4.21215
5347 4.189
5348 4.19861
5349 4.20175
5350 4.21759
5351 4.19613
5352 4.2126
5353 4.20029
5354 4.21702
5355 4.19363
5356 4.2075
5357 4.18974
5358 4.187
5359 4.19545
5360 4.18885
5361 4.19547
5362 4.21726
5363 5.41024
5364 5.39464
5365 5.40371
5366 6.19987
5367 3.4119
5368 3.40133
5369 5.39868
5370 5.37956
5371 5.38739
5372 3.39237
5373 5.3989
5374 5.40249
5375 5.39238
5376 3.39627
5377 5.42055
5378 3.00237
5379 2.99892
5380 2.99438
5381 3.00089
5382 2.99945
5383 2.99294
5384 3.00491
5385 3.00491
5386 3.00661
5387 2.99631
5388 4.74707
5389 4.86516
5390 4.86125
5391 4.73766
5392 4.74278
5393 4.85985
5394 4.73591
5395 4.73356
5396 4.86931
5397 4.75255
5398 3.12755
5399 3.13091
5400 3.12724
5401 3.78964
5402 3.40654
5403 3.40408
5404 3.13893
5405 3.12909
5406 3.13335
5407 3.39993
5408 4.74718
5409 4.74233
5410 5.45393
5411 3.51709
5412 4.7297
5413 3.00232
5414 2.99526
5415 2.99526
5416 3.00527
5417 3.01134
5418 2.99849
5419 2.9903
5420 3.00303
5421 3.00303
5422 2.99534
5423 4.74337
5424 4.74154
5425 4.86649
5426 4.75119
5427 4.73062
5428 3.13447
5429 3.13148
5430 3.13835
5431 3.41017
5432 3.13477
5433 4.71061
5434 3.3339
5435 3.32997
5436 3.33921
5437 3.34581
5438 3.34581
5439 3.33252
5440 3.33107
5441 3.33005
5442 3.34018
5443 3.32671
5444 3.33543
5445 3.33659
5446 3.32755
5447 3.33768
5448 3.31206
5449 3.31206
5450 3.33229
5451 3.33734
5452 3.33635
5453 3.33618
5454 3.33329
5455 3.32614
5456 3.33369
5457 3.33082
5458 3.3257
5459 3.3257
5460 3.32234
5461 3.33069
5462 3.33538
5463 3.33266
5464 3.32291
5465 3.32576
5466 3.33007
5467 3.33445
5468 3.33158
5469 2.92667
5470 2.9315
5471 2.93522
5472 2.93225
5473 3.85101
5474 3.58569
5475 3.87394
5476 3.59607
5477 3.85882
5478 3.60419
5479 2.93769
5480 2.93474
5481 2.92917
5482 2.92912
5483 2.93693
5484 2.9241
5485 3.60471
5486 3.85956
5487 3.60429
5488 3.60552
5489 2.93831
5490 2.92888
5491 2.94456
5492 2.93056
5493 2.9296
5494 2.9296
5495 3.59106
5496 3.86524
5497 3.60283
5498 3.59415
5499 2.9405
5500 2.9405
5501 2.93835
5502 2.94008
5503 3.58626
5504 3.39908
5505 3.3955
5506 3.40477
5507 3.40856
5508 3.40188
5509 3.40364
5510 3.41012
5511 3.39148
5512 3.40703
5513 3.40238
5514 3.40152
5515 3.85255
5516 3.87252
5517 3.40197
5518 3.38958
5519 3.86628
5520 3.40023
5521 3.39568
5522 3.86974
5523 3.40565
5524 3.39735
5525 3.40208
5526 3.39587
5527 3.39697
5528 3.3966
5529 3.40995
5530 3.40091
5531 3.40682
5532 3.40181
5533 3.40432
5534 3.39589
5535 3.39405
5536 3.86031
5537 3.40142
5538 3.40142
5539 2.79593
5540 2.80185
5541 2.79854
5542 2.79464
5543 2.80621
5544 2.79893
5545 2.94081
5546 3.46788
5547 2.92736
5548 2.93826
5549 3.40409
5550 3.40907
5551 3.46504
5552 3.39976
5553 3.33672
5554 2.80162
5555 2.78837
5556 2.79794
5557 2.80456
5558 2.93798
5559 3.39827
5560 2.60153
5561 2.60427
5562 2.59727
5563 2.59727
5564 2.59831
5565 2.60182
5566 2.60189
5567 2.60305
5568 2.60305
5569 2.60859
5570 2.59347
5571 2.59909
5572 2.59984
5573 2.59984
5574 2.59774
5575 2.59321
5576 2.60092
5577 2.5996
5578 2.60546
5579 2.60546
5580 3.3494
5581 3.32403
5582 3.33916
5583 3.59973
5584 2.8085
5585 2.79824
5586 3.33572
5587 3.34183
5588 3.33418
5589 2.79776
5590 3.32843
5591 3.34042
5592 3.32795
5593 2.80999
5594 3.3205
5595 4.13268
5596 4.14857
5597 4.13669
5598 4.10842
5599 4.12958
5600 4.14667
5601 3.20138
5602 4.28495
5603 3.2099
5604 3.20617
5605 4.12689
5606 4.13653
5607 4.11868
5608 4.12172
5609 3.19734
5610 4.11292
5611 4.14008
5612 4.13536
5613 2.93067
5614 4.73028
5615 4.12924
5616 3.00304
5617 3.00321
5618 3.00079
5619 3.01291
5620 3.00156
5621 3.00343
5622 3.01151
5623 3.01195
5624 3.00004
5625 3.00691
5626 3.13561
5627 3.13561
5628 3.26649
5629 3.13347
5630 3.12788
5631 2.99356
5632 3.00184
5633 2.99991
5634 3.38653
5635 2.99608
5636 3.00369
5637 3.3284
5638 3.33033
5639 3.34267
5640 3.33514
5641 2.39978
5642 5.38964
5643 2.60783
5644 2.7314
5645 2.7314
5646 2.72842
5647 2.72561
5648 2.72653
5649 2.73649
5650 2.73506
5651 2.73294
5652 2.73294
5653 2.74009
5654 2.73049
5655 2.72579
5656 2.73614
5657 2.73525
5658 2.73525
5659 2.73141
5660 2.73213
5661 2.73057
5662 2.73356
5663 2.73063
5664 2.73063
5665 2.73927
5666 2.72732
5667 2.73262
5668 2.73851
5669 2.73829
5670 2.73829
5671 2.73064
5672 2.73842
5673 2.73559
5674 2.72842
5675 2.73751
5676 2.73751
5677 2.73691
5678 2.73048
5679 2.73499
5680 2.74264
5681 2.72838
5682 2.73625
5683 2.73625
5684 2.7417
5685 2.73289
5686 2.73624
5687 2.73798
5688 2.73153
5689 2.73153
5690 2.7338
5691 2.7307
5692 2.73159
5693 2.73067
5694 2.73485
5695 2.73485
5696 2.73732
5697 2.73022
5698 2.7331
5699 2.73162
5700 2.59291
5701 2.59291
5702 2.60027
5703 2.60217
5704 2.60256
5705 3.00231
5706 2.59977
5707 2.99051
5708 2.99852
5709 2.60105
5710 2.99736
5711 2.99736
5712 2.60664
5713 2.60386
5714 2.99923
5715 2.60205
5716 2.58973
5717 2.60167
5718 2.60167
5719 2.59681
5720 2.60188
5721 2.59379
5722 2.59561
5723 2.59812
5724 2.59812
5725 2.60349
5726 3.00317
5727 2.9998
5728 2.60212
5729 2.60005
5730 3.00699
5731 2.60307
5732 2.60047
5733 2.99781
5734 2.59899
5735 2.6033
5736 2.59488
5737 2.60245
5738 2.59568
5739 2.6003
5740 2.6003
5741 2.59988
5742 2.59579
5743 2.60173
5744 2.60604
5745 2.60198
5746 2.99799
5747 2.99799
5748 2.59606
5749 2.59606
5750 2.99548
5751 2.60103
5752 2.6002
5753 2.99953
5754 2.60145
5755 2.60085
5756 2.60085
5757 2.60002
5758 2.60157
5759 2.59765
5760 2.59882
5761 2.59802
5762 2.59802
5763 2.59985
5764 2.59795
5765 2.59715
5766 2.60819
5767 2.99783
5768 2.60367
5769 2.59684
5770 3.78464
5771 3.78963
5772 3.80801
5773 3.81512
5774 3.7777
5775 3.8085
5776 3.78937
5777 3.8056
5778 3.79712
5779 3.80616
5780 3.79416
5781 3.81064
5782 3.80884
5783 3.80358
5784 3.80327
5785 3.53602
5786 4.06714
5787 4.0658
5788 3.13067
5789 3.53984
5790 3.52979
5791 3.52849
5792 4.06597
5793 3.12914
5794 3.13847
5795 3.53162
5796 3.53176
5797 3.53191
5798 4.05222
5799 3.12634
5800 3.13324
5801 3.53437
5802 3.53373
5803 3.53256
5804 3.13813
5805 3.80527
5806 3.80217
5807 3.78938
5808 3.8085
5809 3.8077
5810 3.7944
5811 3.8027
5812 3.79837
5813 3.81202
5814 3.78622
5815 3.78641
5816 3.80901
5817 3.8167
5818 3.80125
5819 3.79922
5820 3.80815
5821 3.8071
5822 3.79294
5823 3.8016
5824 3.8092
5825 3.52099
5826 3.53828
5827 3.53055
5828 4.08027
5829 3.1379
5830 3.12587
5831 3.53238
5832 3.54597
5833 3.52998
5834 3.1286
5835 3.53206
5836 3.53741
5837 3.53193
5838 3.134
5839 3.53458
5840 2.99853
5841 3.00006
5842 3.00006
5843 3.00024
5844 3.00902
5845 2.99097
5846 3.00362
5847 2.99102
5848 3.00798
5849 2.99689
5850 4.12626
5851 4.39857
5852 4.39857
5853 4.12759
5854 4.13515
5855 4.39683
5856 4.14887
5857 4.13429
5858 4.38773
5859 4.13937
5860 2.59562
5861 2.60185
5862 2.60185
5863 3.27634
5864 3.13506
5865 3.13659
5866 2.5964
5867 2.59778
5868 2.59578
5869 3.12507
5870 3.19092
5871 3.20205
5872 3.59787
5873 3.20401
5874 3.20276
5875 3.00028
5876 3.00028
5877 3.00049
5878 3.00358
5879 2.99639
5880 3.00791
5881 2.99144
5882 2.99913
5883 2.99913
5884 3.00007
5885 4.13017
5886 4.13344
5887 4.397
5888 4.15206
5889 4.1335
5890 2.59313
5891 2.60953
5892 2.60014
5893 3.12991
5894 2.59653
5895 3.19456
5896 2.804
5897 2.79979
5898 2.79814
5899 2.79418
5900 2.79853
5901 2.7984
5902 2.79225
5903 2.79887
5904 2.79887
5905 2.80281
5906 2.79872
5907 2.8021
5908 2.79491
5909 2.79744
5910 2.80315
5911 2.79117
5912 2.79117
5913 2.80789
5914 2.80098
5915 2.80083
5916 2.7963
5917 2.80144
5918 2.78705
5919 2.80232
5920 2.79631
5921 2.79631
5922 2.80784
5923 2.80618
5924 2.79728
5925 2.80505
5926 2.79864
5927 2.79655
5928 2.79771
5929 2.80133
5930 2.79928
5931 2.52846
5932 2.53111
5933 2.53911
5934 2.53252
5935 3.06919
5936 2.79869
5937 3.06665
5938 2.79825
5939 3.07956
5940 2.80912
5941 2.52959
5942 2.52959
5943 2.53258
5944 2.53538
5945 2.53232
5946 2.53913
5947 2.80771
5948 3.06142
5949 2.79007
5950 2.80822
5951 2.53649
5952 2.5334
5953 2.5334
5954 2.53266
5955 2.53554
5956 2.52064
5957 2.78792
5958 3.06648
5959 2.79967
5960 2.80236
5961 2.53715
5962 2.53845
5963 2.53845
5964 2.53483
5965 2.8089
5966 4.19062
5967 4.19647
5968 4.18348
5969 4.20955
5970 4.20498
5971 4.19535
5972 4.19025
5973 4.20546
5974 4.19199
5975 4.19778
5976 2.9983
5977 4.39497
5978 4.39358
5979 3.00653
5980 3.00231
5981 4.39484
5982 2.9942
5983 2.9959
5984 4.40919
5985 2.99404
5986 4.20837
5987 4.19849
5988 4.19469
5989 4.19116
5990 4.18798
5991 4.21066
5992 4.17992
5993 4.19586
5994 4.20488
5995 4.20224
5996 2.9968
5997 3.00519
5998 4.40877
5999 2.9981
6000 3.0011
6001 3.20331
6002 3.21061
6003 3.20796
6004 3.20803
6005 3.19649
6006 3.20629
6007 3.20251
6008 4.27242
6009 3.2089
6010 3.19779
6011 3.14573
6012 3.13112
6013 3.5993
6014 3.13191
6015 2.60101
6016 3.20467
6017 3.20154
6018 3.19814
6019 3.19442
6020 3.2042
6021 3.1429
6022 2.72996
6023 2.73313
6024 2.73186
6025 2.73213
6026 2.73213
6027 2.73071
6028 2.73746
6029 2.74185
6030 2.73535
6031 2.73679
6032 2.73679
6033 2.73081
6034 2.7339
6035 2.73027
6036 2.73984
6037 2.73176
6038 2.73153
6039 2.73251
6040 2.7306
6041 2.73967
6042 2.79787
6043 2.80695
6044 2.80086
6045 3.06763
6046 2.80133
6047 2.80131
6048 2.79526
6049 2.80685
6050 2.80453
6051 2.79857
6052 2.80042
6053 2.80192
6054 2.79744
6055 2.79455
6056 2.80052
6057 3.80707
6058 3.7948
6059 3.79703
6060 3.80382
6061 3.78754
6062 3.79632
6063 3.13579
6064 4.08129
6065 3.14358
6066 3.13641
6067 3.80303
6068 3.7968
6069 3.78966
6070 3.80549
6071 3.14001
6072 3.32061
6073 3.34885
6074 3.34456
6075 2.93745
6076 3.39194
6077 3.32998
6078 4.19026
6079 4.19831
6080 4.22468
6081 4.20149
6082 4.19134
6083 4.19875
6084 4.18339
6085 4.19817
6086 4.19964
6087 4.19059
6088 3.34031
6089 3.34249
6090 4.41305
6091 3.34463
6092 3.33358
6093 2.9994
6094 2.99309
6095 2.98648
6096 4.73277
6097 2.9897
6098 2.39842
6099 4.19717
6100 4.21382
6101 4.21483
6102 4.20306
6103 2.99804
6104 5.40828
6105 2.59559
6106 3.81987
6107 3.81133
6108 3.80542
6109 3.80818
6110 3.79783
6111 3.79845
6112 3.80181
6113 3.79774
6114 3.81262
6115 3.81913
6116 3.80905
6117 3.80603
6118 3.80951
6119 3.80759
6120 3.80224
6121 3.79485
6122 3.79506
6123 3.82285
6124 3.8094
6125 3.79052
6126 3.80055
6127 3.80038
6128 3.79078
6129 3.80365
6130 3.80741
6131 3.79504
6132 3.80116
6133 3.78903
6134 3.80141
6135 3.80285
6136 3.78643
6137 3.80326
6138 3.80091
6139 3.81049
6140 3.80504
6141 3.00972
6142 2.99909
6143 2.99804
6144 2.99151
6145 4.39676
6146 4.12604
6147 4.41932
6148 4.13129
6149 4.40138
6150 4.14078
6151 3.02006
6152 2.99328
6153 3.00446
6154 3.00156
6155 2.98976
6156 2.98976
6157 4.13629
6158 4.39136
6159 4.12682
6160 4.12992
6161 2.99326
6162 3.00812
6163 3.0027
6164 2.98939
6165 2.99735
6166 3.00182
6167 4.13651
6168 4.40548
6169 4.13392
6170 4.14552
6171 3.00076
6172 3.00343
6173 3.00376
6174 3.00028
6175 4.15253
6176 3.53478
6177 3.53813
6178 3.53366
6179 3.52295
6180 3.52964
6181 3.53258
6182 3.53302
6183 3.52977
6184 3.52159
6185 3.52918
6186 3.12986
6187 4.0763
6188 4.06503
6189 3.13173
6190 3.13184
6191 4.06297
6192 3.12282
6193 3.12719
6194 4.07484
6195 3.13013
6196 3.53119
6197 3.52877
6198 3.52988
6199 3.5296
6200 3.52171
6201 3.53345
6202 3.5428
6203 3.53622
6204 3.53018
6205 3.53084
6206 3.13765
6207 3.13714
6208 4.07579
6209 3.13812
6210 3.12848
6211 2.60092
6212 2.60681
6213 2.59578
6214 2.59604
6215 2.60291
6216 2.60285
6217 3.20051
6218 3.60568
6219 3.1987
6220 3.20499
6221 3.12659
6222 3.13128
6223 3.26788
6224 3.12707
6225 3.20358
6226 2.59731
6227 2.59718
6228 2.59718
6229 2.59327
6230 3.19787
6231 3.13914
6232 2.7361
6233 2.73843
6234 2.73133
6235 2.73133
6236 2.73078
6237 2.73025
6238 2.7336
6239 2.73419
6240 2.73989
6241 2.73914
6242 2.73914
6243 2.73259
6244 2.73592
6245 2.73828
6246 2.73013
6247 2.73154
6248 2.73154
6249 2.73064
6250 2.73529
6251 2.73677
6252 3.80874
6253 3.79746
6254 3.79499
6255 4.07463
6256 3.12829
6257 3.14024
6258 3.80278
6259 3.7986
6260 3.8008
6261 3.13021
6262 3.81679
6263 3.80323
6264 3.80642
6265 3.13393
6266 3.79774
6267 4.1965
6268 4.19568
6269 4.20883
6270 4.19573
6271 4.20195
6272 4.20711
6273 3.3453
6274 4.40494
6275 3.33896
6276 3.33114
6277 4.19836
6278 4.20698
6279 4.18944
6280 4.19884
6281 3.33414
6282 4.18884
6283 4.20675
6284 4.20052
6285 2.99423
6286 5.39593
6287 4.20636
6288 2.78931
6289 2.79816
6290 2.80158
6291 2.7897
6292 2.79572
6293 2.79572
6294 2.79833
6295 2.80603
6296 2.79739
6297 2.79735
6298 2.79875
6299 2.79875
6300 3.06352
6301 2.79499
6302 2.79992
6303 3.34245
6304 3.32508
6305 3.32988
6306 3.40826
6307 3.33712
6308 2.93183
6309 3.01463
6310 3.01556
6311 3.00415
6312 3.00096
6313 2.39626
6314 4.74045
6315 2.59706
6316 2.73391
6317 2.7276
6318 2.7276
6319 2.73076
6320 2.73515
6321 2.73104
6322 2.73512
6323 2.72986
6324 2.72986
6325 2.73157
6326 2.73239
6327 2.7302
6328 2.72972
6329 2.72972
6330 2.74234
6331 2.73174
6332 2.73211
6333 2.7368
6334 2.7368
6335 2.73436
6336 4.19919
6337 4.18819
6338 4.20332
6339 4.39
6340 3.33722
6341 3.32416
6342 4.19327
6343 4.20215
6344 4.1964
6345 3.33265
6346 4.20578
6347 4.20197
6348 4.18904
6349 3.33975
6350 4.20061
6351 2.80339
6352 2.80197
6353 2.79581
6354 2.80803
6355 2.80132
6356 2.79761
6357 2.79971
6358 3.07978
6359 2.79054
6360 2.79434
6361 2.79456
6362 2.80596
6363 2.8037
6364 2.8037
6365 2.79503
6366 2.99838
6367 2.98883
6368 2.99451
6369 2.39323
6370 4.72831
6371 2.99645
6372 3.79648
6373 3.79494
6374 3.80228
6375 3.79895
6376 3.79072
6377 3.79229
6378 3.78809
6379 3.80971
6380 3.7974
6381 3.79756
6382 3.13514
6383 3.12595
6384 4.08489
6385 3.1314
6386 3.12732
6387 4.20747
6388 4.18098
6389 4.19951
6390 5.42014
6391 4.20705
6392 2.9948
6393 3.33143
6394 3.32444
6395 3.32424
6396 3.32665
6397 2.9307
6398 3.40439
6399 2.60098
6400 2.73398
6401 2.73398
6402 2.73511
6403 2.7355
6404 2.73838
6405 2.73858
6406 2.74055
6407 2.74055
6408 2.74898
6409 2.73461
6410 2.60101
6411 2.605
6412 2.99973
6413 2.59843
6414 2.59125
6415 3.78815
6416 3.78971
6417 3.80138
6418 3.54196
6419 3.7979
6420 2.99263
6421 2.79821
6422 2.79251
6423 2.79854
6424 2.79854
6425 2.53135
6426 4.20537
6427 2.73547
6428 3.80016
6429 3.80286
6430 3.79027
6431 3.79689
6432 2.99527
6433 3.52474
6434 2.72705
6435 2.7314
