1 2.73557
2 2.73596
3 2.73561
4 2.73507
5 2.73455
6 2.73455
7 2.72432
8 2.73098
9 2.73582
10 2.7199
11 2.7199
12 2.72982
13 2.7351
14 2.73465
15 2.72349
16 2.73039
17 2.73039
18 2.73484
19 2.73185
20 2.73872
21 2.73471
22 2.73471
23 2.73204
24 2.73174
25 2.73779
26 2.72623
27 2.72623
28 2.73092
29 2.73706
30 2.7275
31 2.7377
32 2.7377
33 2.73311
34 2.73529
35 2.73338
36 2.73916
37 2.73916
38 2.73731
39 2.73347
40 2.73205
41 2.73319
42 2.73319
43 2.73556
44 2.73556
45 2.73953
46 2.7288
47 2.7288
48 2.73581
49 2.73191
50 2.72657
51 2.73773
52 2.73773
53 2.73096
54 2.73432
55 2.73905
56 2.59807
57 2.99937
58 2.99577
59 2.6019
60 2.99864
61 2.99859
62 2.73363
63 3.00038
64 3.00038
65 2.60184
66 2.59684
67 2.59684
68 2.59701
69 2.59742
70 2.60046
71 2.59543
72 2.59543
73 2.99252
74 2.59516
75 2.99453
76 2.99453
77 2.72965
78 3.00152
79 2.99361
80 2.59653
81 3.00414
82 3.00414
83 2.73852
84 2.99864
85 2.99864
86 2.59045
87 2.60415
88 2.60415
89 2.59755
90 2.58942
91 2.99239
92 2.72551
93 2.98902
94 2.98902
95 2.73957
96 3.00555
97 3.00555
98 2.72483
99 2.72483
100 2.98561
101 2.59621
102 2.59621
103 2.59821
104 2.59779
105 2.59631
106 2.59922
107 2.59795
108 2.59993
109 3.00703
110 2.60791
111 2.997
112 3.00196
113 2.734
114 2.99123
115 2.99123
116 2.60147
117 2.99984
118 2.99344
119 2.72956
120 3.00191
121 3.00677
122 2.60816
123 2.59882
124 2.59917
125 2.59917
126 2.59699
127 2.99265
128 2.72813
129 2.99457
130 3.00015
131 2.73627
132 2.99801
133 2.99801
134 2.72252
135 2.7345
136 2.99442
137 2.59853
138 2.60309
139 2.60309
140 2.60094
141 2.60179
142 2.605
143 2.5914
144 2.5914
145 2.60547
146 2.59871
147 2.60922
148 2.60922
149 2.59759
150 2.60049
151 2.6001
152 2.6001
153 2.59862
154 2.60553
155 2.6005
156 2.58711
157 2.58711
158 2.59985
159 2.59745
160 2.59777
161 2.59777
162 2.59848
163 2.5928
164 2.60289
165 2.5934
166 2.99411
167 3.00142
168 2.73242
169 3.00255
170 3.00288
171 2.59767
172 2.59925
173 2.60494
174 2.60494
175 2.60299
176 2.99872
177 2.73504
178 3.00018
179 3.00018
180 2.73355
181 2.99541
182 2.99541
183 2.73299
184 2.73299
185 2.99584
186 2.59992
187 2.59992
188 2.60546
189 2.59483
190 2.59483
191 3.00145
192 2.73983
193 2.99835
194 2.99908
195 2.73208
196 2.99971
197 2.99657
198 2.73077
199 2.73342
200 2.99999
201 2.60324
202 2.6085
203 2.6007
204 2.59461
205 2.59461
206 2.60333
207 2.59903
208 2.59903
209 2.6003
210 2.60379
211 2.73308
212 2.9966
213 3.00406
214 2.7365
215 2.73293
216 2.99464
217 2.72692
218 2.73138
219 2.99426
220 2.7321
221 3.80117
222 3.79123
223 3.801
224 3.80869
225 3.80121
226 3.81089
227 3.80761
228 3.80061
229 3.80355
230 4.06173
231 3.53575
232 4.06841
233 4.05419
234 3.13355
235 4.07152
236 4.07478
237 3.81374
238 3.51988
239 4.07947
240 4.06673
241 3.12425
242 4.0616
243 4.09173
244 3.80814
245 3.52601
246 3.54124
247 3.52673
248 3.53543
249 3.52246
250 3.52951
251 4.05472
252 3.12319
253 4.07911
254 4.06391
255 3.799
256 3.13167
257 4.07459
258 4.06395
259 3.80445
260 3.12685
261 3.13466
262 3.13583
263 4.06921
264 3.80328
265 3.80872
266 3.81307
267 3.80008
268 3.80001
269 3.79937
270 3.78804
271 3.80998
272 3.79595
273 3.80732
274 3.80066
275 3.80919
276 3.79947
277 3.79814
278 3.80932
279 3.80377
280 3.78977
281 3.80007
282 3.80861
283 3.81032
284 3.8064
285 3.80853
286 3.80827
287 3.77981
288 3.80717
289 3.79433
290 3.8025
291 3.79581
292 3.80094
293 3.80644
294 3.80645
295 3.79951
296 3.80112
297 3.80435
298 3.78832
299 3.78645
300 3.80829
301 3.79513
302 3.54082
303 4.07399
304 4.07069
305 3.12579
306 4.05964
307 4.05399
308 3.80872
309 3.54139
310 3.54139
311 3.54444
312 3.53633
313 3.53188
314 3.53561
315 4.07025
316 3.13704
317 4.07582
318 4.07127
319 3.79327
320 3.13246
321 4.07496
322 4.07066
323 3.80098
324 3.1307
325 3.13594
326 3.14077
327 4.06749
328 3.79684
329 3.80006
330 3.52416
331 3.53645
332 3.5249
333 3.53487
334 3.52392
335 3.53649
336 4.05444
337 3.12909
338 4.06996
339 4.07745
340 3.80978
341 3.13264
342 4.07646
343 4.0674
344 3.80374
345 3.13189
346 3.14868
347 3.12895
348 4.0538
349 3.80238
350 3.79978
351 3.53549
352 3.53426
353 3.52923
354 3.54041
355 3.53154
356 3.52751
357 3.52521
358 3.52521
359 3.53635
360 3.52933
361 3.53423
362 3.54963
363 3.53743
364 3.52807
365 3.52605
366 3.12814
367 4.04366
368 4.07098
369 3.81246
370 3.13296
371 3.13296
372 3.12822
373 4.07525
374 3.80456
375 3.80427
376 3.13876
377 3.12567
378 3.13037
379 4.05534
380 3.80835
381 3.80224
382 3.12355
383 3.13574
384 3.13302
385 3.79312
386 2.99474
387 3.01219
388 3.00093
389 3.00093
390 2.99788
391 2.99704
392 3.00741
393 2.99102
394 4.38521
395 4.13347
396 4.41508
397 4.40614
398 2.8023
399 4.402
400 4.39892
401 4.1319
402 4.40829
403 4.40493
404 2.79658
405 4.3904
406 4.3904
407 4.14923
408 4.12937
409 4.13004
410 4.13
411 4.11913
412 4.39675
413 2.79463
414 4.40905
415 4.41299
416 2.80623
417 4.40885
418 4.39217
419 2.7987
420 2.79684
421 4.3946
422 2.59838
423 3.26404
424 3.26312
425 3.14132
426 3.27364
427 3.26898
428 2.99733
429 2.60142
430 2.59858
431 2.59858
432 2.59803
433 2.61204
434 2.60644
435 3.27208
436 3.12399
437 3.27144
438 3.26531
439 3.00136
440 3.12925
441 3.27112
442 3.26387
443 3.00988
444 3.14693
445 3.13633
446 3.13745
447 3.26122
448 3.01244
449 3.00047
450 3.19329
451 3.60512
452 3.60512
453 2.79373
454 3.5888
455 3.5888
456 4.27029
457 3.21233
458 4.26738
459 4.26643
460 4.21033
461 3.60039
462 3.07175
463 4.67254
464 4.42463
465 2.52967
466 3.61063
467 3.59629
468 3.06481
469 2.79344
470 4.38933
471 3.20467
472 3.20467
473 3.20255
474 3.19489
475 3.18368
476 3.59905
477 2.79803
478 3.59012
479 3.59726
480 2.7953
481 3.60423
482 3.57973
483 2.78705
484 2.80111
485 3.60731
486 3.20506
487 4.26834
488 4.26552
489 4.21161
490 3.2043
491 3.2043
492 3.20973
493 4.27604
494 4.18488
495 4.18991
496 2.5334
497 3.60112
498 3.59977
499 3.06849
500 2.80178
501 4.38479
502 2.53218
503 2.53218
504 3.59401
505 2.80033
506 2.99659
507 2.98957
508 2.98884
509 2.98884
510 2.99845
511 3.00473
512 3.00129
513 3.00129
514 2.99727
515 2.9985
516 2.99832
517 3.00482
518 3.00482
519 3.00601
520 3.00033
521 2.99604
522 2.99583
523 2.99592
524 2.99592
525 3.00048
526 3.00103
527 3.00514
528 3.00182
529 3.00182
530 3.0035
531 3.00566
532 3.00201
533 3.00671
534 4.13726
535 4.40562
536 4.40562
537 2.80324
538 4.40058
539 4.40058
540 4.12053
541 4.12831
542 4.12994
543 4.12493
544 4.12766
545 4.39677
546 2.79824
547 4.40145
548 4.40145
549 2.80805
550 4.39815
551 4.39815
552 2.80502
553 2.79825
554 4.40386
555 4.13948
556 4.13812
557 4.13804
558 4.12345
559 4.13339
560 4.38956
561 2.79568
562 4.38413
563 4.41308
564 2.80532
565 4.39776
566 4.40009
567 2.79869
568 2.80495
569 4.39105
570 4.12373
571 4.12831
572 4.13623
573 4.13315
574 4.12439
575 4.13019
576 4.14413
577 4.13229
578 4.14283
579 4.13088
580 2.79389
581 4.39257
582 4.39257
583 2.79597
584 2.80128
585 4.39452
586 2.7947
587 2.80612
588 4.40588
589 2.80326
590 2.6036
591 2.59508
592 2.59508
593 2.59547
594 2.59959
595 2.60611
596 3.2705
597 3.12478
598 3.26994
599 3.25644
600 3.00201
601 3.129
602 3.26987
603 3.26987
604 2.9972
605 3.12955
606 3.13038
607 3.13011
608 3.26517
609 2.99322
610 2.99319
611 2.59185
612 2.59489
613 2.59911
614 2.59913
615 2.59913
616 2.59112
617 2.60233
618 2.59993
619 2.59993
620 2.60235
621 2.60322
622 2.60009
623 2.60009
624 2.59917
625 2.60253
626 3.14392
627 3.2669
628 3.2669
629 2.9954
630 3.13465
631 3.13235
632 3.13683
633 3.26578
634 3.00631
635 3.00631
636 3.13353
637 3.13106
638 3.13736
639 3.26429
640 3.00658
641 3.0103
642 3.14649
643 3.13719
644 3.13586
645 3.00273
646 3.20487
647 3.20498
648 3.19844
649 3.20691
650 3.20691
651 3.60888
652 2.79963
653 3.59934
654 3.59934
655 2.80942
656 3.61136
657 3.61136
658 2.79841
659 2.79538
660 3.59805
661 3.20551
662 4.2696
663 4.25705
664 4.18571
665 3.19706
666 3.19184
667 3.19078
668 4.27123
669 4.19878
670 4.20599
671 2.53594
672 3.59018
673 3.61477
674 3.06773
675 2.80054
676 4.40945
677 2.53361
678 2.52813
679 3.59956
680 2.80012
681 3.19393
682 3.20639
683 3.18797
684 3.20374
685 3.19036
686 3.19036
687 3.19954
688 3.19468
689 3.20554
690 3.19982
691 2.80324
692 3.59548
693 3.59548
694 2.7943
695 2.7943
696 3.6065
697 2.79925
698 2.79975
699 3.60077
700 2.79937
701 3.19907
702 3.20424
703 3.19545
704 4.27481
705 4.18247
706 4.19113
707 3.19625
708 3.2091
709 3.19482
710 4.19806
711 2.53253
712 2.53253
713 3.5997
714 2.78813
715 2.53061
716 2.80389
717 2.79838
718 2.79412
719 2.79344
720 2.79961
721 2.79961
722 2.79957
723 2.79812
724 2.80094
725 2.79422
726 2.80937
727 2.79275
728 2.7983
729 2.80248
730 2.80248
731 2.79683
732 2.80356
733 2.79872
734 2.7954
735 2.80749
736 2.79555
737 2.7953
738 2.7953
739 2.79498
740 2.80176
741 2.79604
742 2.79879
743 2.79866
744 2.79866
745 2.81259
746 2.80778
747 2.80336
748 2.80441
749 2.8039
750 2.8039
751 2.80627
752 2.7997
753 2.80165
754 2.80247
755 2.80093
756 2.80093
757 2.79933
758 2.80124
759 2.7975
760 2.79762
761 2.53313
762 3.06173
763 3.06139
764 2.78365
765 3.06465
766 3.06465
767 2.79808
768 3.07448
769 2.5313
770 2.52873
771 2.52873
772 2.53079
773 2.53296
774 2.53296
775 2.53669
776 3.06783
777 2.80804
778 3.07486
779 3.05772
780 2.79792
781 3.07034
782 2.79697
783 3.06511
784 3.06395
785 2.80323
786 3.06362
787 2.80187
788 2.80187
789 2.79097
790 2.80684
791 3.06733
792 2.79514
793 3.06222
794 2.79852
795 3.06786
796 2.7987
797 2.52928
798 2.52928
799 2.53216
800 2.53163
801 2.53163
802 2.52883
803 2.52721
804 3.06467
805 2.79885
806 3.07382
807 3.06578
808 2.80421
809 3.06722
810 2.80186
811 3.07173
812 3.06677
813 2.79466
814 3.07421
815 2.80679
816 2.79418
817 2.79212
818 2.79558
819 3.06559
820 2.79586
821 3.06274
822 2.79509
823 3.06593
824 2.80178
825 2.54238
826 2.53892
827 2.53892
828 2.53611
829 2.53452
830 2.53197
831 2.52405
832 2.52405
833 2.54011
834 2.53288
835 2.53288
836 2.53209
837 2.53228
838 2.53688
839 2.53688
840 2.53078
841 2.53793
842 2.52836
843 2.52836
844 2.53828
845 2.53169
846 2.8008
847 3.06714
848 3.06378
849 2.79599
850 3.06439
851 2.80318
852 2.79916
853 2.79916
854 2.79887
855 3.06718
856 2.79683
857 3.06797
858 2.79296
859 3.07619
860 2.79815
861 2.79427
862 2.79732
863 2.79412
864 2.80025
865 3.06552
866 2.7948
867 3.0661
868 2.79877
869 3.06067
870 2.81024
871 2.80697
872 2.80641
873 2.79511
874 2.80554
875 2.79608
876 2.80126
877 2.80391
878 3.0684
879 2.80382
880 2.80758
881 4.225
882 4.19268
883 4.19552
884 4.19106
885 4.199
886 4.19967
887 4.20179
888 4.1996
889 4.39803
890 2.99633
891 4.40721
892 4.40721
893 3.80337
894 4.40929
895 4.41248
896 3.00791
897 4.40513
898 4.40536
899 3.8047
900 4.38817
901 4.4036
902 3.00267
903 2.99564
904 2.99575
905 2.99575
906 2.99708
907 4.39607
908 3.79064
909 4.41145
910 4.40042
911 3.80525
912 4.39421
913 4.39539
914 3.79806
915 3.80177
916 4.38783
917 4.18429
918 4.19879
919 4.19048
920 4.20224
921 4.19372
922 4.20791
923 4.20149
924 4.19609
925 4.19991
926 4.18832
927 4.22189
928 4.2052
929 4.19739
930 4.20529
931 4.20595
932 4.19471
933 4.19532
934 4.19415
935 4.20433
936 4.19846
937 4.2043
938 4.19896
939 4.20605
940 4.18979
941 4.19108
942 4.2
943 4.21952
944 4.19515
945 3.00129
946 4.39165
947 4.39969
948 3.81406
949 4.40234
950 4.40234
951 3.00971
952 2.99245
953 3.00143
954 3.00554
955 2.99618
956 4.40626
957 3.80644
958 4.37722
959 4.37722
960 3.80462
961 4.40069
962 4.39506
963 3.79891
964 3.79804
965 4.39453
966 2.99773
967 2.99005
968 3.0048
969 3.00383
970 2.99494
971 4.39828
972 3.80473
973 4.42201
974 4.40849
975 3.80043
976 4.41217
977 4.41217
978 3.80353
979 3.78335
980 4.38971
981 2.99657
982 3.0012
983 2.99819
984 2.99446
985 2.99276
986 3.00443
987 2.99858
988 2.99858
989 3.00606
990 3.00186
991 3.79601
992 4.39367
993 4.39964
994 3.80312
995 3.79776
996 4.39386
997 3.7973
998 3.80415
999 4.38546
1000 3.78304
1001 3.20544
1002 3.20544
1003 3.19699
1004 3.20232
1005 3.19958
1006 3.20775
1007 3.20882
1008 4.26389
1009 3.20653
1010 4.27473
1011 4.25589
1012 4.12205
1013 4.26491
1014 3.18711
1015 4.27905
1016 4.26129
1017 4.12873
1018 4.26086
1019 3.21031
1020 3.20355
1021 3.18752
1022 3.20026
1023 4.27543
1024 4.14657
1025 4.26977
1026 4.12598
1027 4.26047
1028 4.1409
1029 3.12412
1030 3.60949
1031 3.60949
1032 3.13338
1033 3.60312
1034 3.60312
1035 3.13479
1036 3.14111
1037 3.12363
1038 3.13657
1039 3.13657
1040 3.60465
1041 3.14305
1042 3.60411
1043 3.60411
1044 3.13763
1045 3.59415
1046 3.59415
1047 3.13995
1048 3.13995
1049 3.59975
1050 2.60268
1051 3.27396
1052 3.27396
1053 3.00747
1054 3.25996
1055 3.59438
1056 3.52672
1057 3.59315
1058 3.60885
1059 4.06379
1060 4.40473
1061 4.66797
1062 3.79307
1063 4.06554
1064 4.40487
1065 2.60751
1066 2.59247
1067 2.59859
1068 2.59873
1069 3.25763
1070 2.99061
1071 3.26755
1072 3.00777
1073 3.26717
1074 3.00819
1075 3.5327
1076 3.6101
1077 3.6101
1078 3.53983
1079 3.53956
1080 3.60359
1081 3.8003
1082 4.06486
1083 4.39016
1084 3.80239
1085 3.20648
1086 3.19481
1087 3.19489
1088 3.1929
1089 3.2026
1090 3.2026
1091 3.1993
1092 3.21082
1093 3.19183
1094 3.20592
1095 3.19277
1096 3.20943
1097 3.21429
1098 3.19573
1099 3.19573
1100 3.19947
1101 3.20825
1102 3.20304
1103 3.18998
1104 3.20012
1105 3.19913
1106 3.19989
1107 4.25575
1108 4.26973
1109 4.1392
1110 4.2645
1111 3.19405
1112 3.19276
1113 3.19141
1114 3.18384
1115 4.26782
1116 4.12077
1117 4.25289
1118 4.13705
1119 4.26483
1120 4.13507
1121 3.20248
1122 3.20605
1123 3.19124
1124 3.19899
1125 4.27027
1126 4.12705
1127 4.26257
1128 4.12629
1129 4.26266
1130 4.14211
1131 3.20568
1132 3.20191
1133 3.1984
1134 3.20744
1135 3.2035
1136 3.18805
1137 4.14362
1138 4.26848
1139 4.13409
1140 4.13985
1141 3.11958
1142 3.13444
1143 3.13299
1144 3.13244
1145 3.13317
1146 3.60352
1147 3.13683
1148 3.60004
1149 3.59707
1150 3.13745
1151 3.6023
1152 3.59302
1153 3.13333
1154 3.14163
1155 3.59139
1156 3.13554
1157 3.13554
1158 3.13442
1159 3.13519
1160 3.13974
1161 3.13501
1162 3.13097
1163 3.13321
1164 3.1311
1165 3.12114
1166 3.12675
1167 3.59553
1168 3.58616
1169 3.1222
1170 3.12902
1171 3.59989
1172 3.12546
1173 3.12546
1174 3.6005
1175 3.12908
1176 2.60377
1177 2.60377
1178 2.60289
1179 2.60171
1180 3.2798
1181 2.99284
1182 3.25788
1183 2.99924
1184 3.26968
1185 2.99774
1186 3.53938
1187 3.60307
1188 3.60307
1189 3.53456
1190 3.53708
1191 3.60391
1192 3.78674
1193 4.06358
1194 4.3922
1195 3.80607
1196 2.60345
1197 2.59769
1198 2.60714
1199 2.60714
1200 2.60249
1201 2.6029
1202 3.00558
1203 3.27831
1204 2.98323
1205 2.98323
1206 3.52928
1207 3.52398
1208 3.60226
1209 3.52669
1210 3.81028
1211 2.7412
1212 2.7412
1213 2.73587
1214 2.73429
1215 2.74039
1216 2.73073
1217 2.73073
1218 2.7253
1219 2.73697
1220 2.73254
1221 2.73254
1222 2.73676
1223 2.73483
1224 2.72667
1225 2.73013
1226 2.73013
1227 2.7301
1228 2.72649
1229 2.7407
1230 2.73502
1231 2.73502
1232 2.7337
1233 2.73149
1234 2.73158
1235 2.73158
1236 2.73145
1237 2.73855
1238 2.73363
1239 2.72627
1240 2.72627
1241 2.73837
1242 2.7285
1243 2.73403
1244 2.73403
1245 2.72509
1246 2.74033
1247 2.80076
1248 3.06389
1249 3.06389
1250 2.80357
1251 3.06537
1252 3.0651
1253 2.53554
1254 2.80291
1255 2.80322
1256 2.80322
1257 2.79562
1258 2.79739
1259 2.79738
1260 3.06484
1261 2.79633
1262 3.07119
1263 3.06921
1264 2.53963
1265 2.79213
1266 3.06067
1267 3.06359
1268 2.53426
1269 2.80985
1270 2.80202
1271 2.79723
1272 3.06727
1273 2.53255
1274 2.53363
1275 2.8012
1276 2.8053
1277 2.80345
1278 2.80324
1279 2.80324
1280 2.79858
1281 3.07282
1282 2.80333
1283 3.0616
1284 3.06417
1285 2.53533
1286 2.79426
1287 3.06213
1288 3.07021
1289 2.53455
1290 2.80097
1291 2.79202
1292 2.79016
1293 3.06571
1294 2.53086
1295 2.53312
1296 2.80007
1297 2.80698
1298 2.80551
1299 2.80044
1300 2.80257
1301 2.80257
1302 2.79613
1303 2.79875
1304 2.79935
1305 2.79021
1306 2.79912
1307 2.79912
1308 2.80377
1309 2.79828
1310 2.80392
1311 2.79002
1312 3.07411
1313 3.07411
1314 2.53222
1315 2.79536
1316 2.79778
1317 2.79903
1318 3.0667
1319 2.53514
1320 2.53402
1321 2.79722
1322 2.79426
1323 2.80559
1324 3.06974
1325 2.53146
1326 2.52772
1327 2.79988
1328 2.80119
1329 2.78986
1330 2.52963
1331 3.80099
1332 3.81734
1333 3.80822
1334 3.80097
1335 3.81361
1336 3.79534
1337 3.80243
1338 4.06771
1339 3.13371
1340 4.04492
1341 4.07415
1342 3.53556
1343 4.06592
1344 3.13559
1345 4.07752
1346 4.05027
1347 3.53315
1348 4.08161
1349 3.12412
1350 3.14029
1351 3.12762
1352 3.12832
1353 4.0547
1354 3.53406
1355 4.05845
1356 3.54233
1357 4.05625
1358 3.55183
1359 3.79244
1360 3.79442
1361 3.80028
1362 3.80953
1363 3.8007
1364 3.79973
1365 3.80703
1366 3.8114
1367 3.81693
1368 3.79238
1369 3.79977
1370 3.80121
1371 3.78931
1372 3.80205
1373 3.79161
1374 3.80691
1375 3.81415
1376 3.81486
1377 3.79516
1378 3.81341
1379 3.8045
1380 3.12751
1381 4.06861
1382 4.06581
1383 3.53431
1384 4.06014
1385 3.13403
1386 3.13966
1387 3.13703
1388 3.13703
1389 4.06349
1390 3.52092
1391 4.07022
1392 3.54165
1393 4.08283
1394 3.52727
1395 3.12556
1396 3.13746
1397 3.13656
1398 3.13486
1399 4.06852
1400 3.5355
1401 4.07305
1402 3.53362
1403 4.07803
1404 3.52982
1405 3.12889
1406 3.13927
1407 3.12708
1408 3.12765
1409 3.1339
1410 3.1339
1411 3.54002
1412 4.06447
1413 3.51339
1414 3.53115
1415 3.34232
1416 3.33155
1417 3.33095
1418 3.32327
1419 3.33053
1420 3.33053
1421 3.87384
1422 2.93862
1423 3.86666
1424 3.87046
1425 3.58824
1426 2.94272
1427 3.85705
1428 3.8797
1429 3.59589
1430 2.93222
1431 2.92266
1432 2.93994
1433 3.86433
1434 3.59919
1435 3.60428
1436 3.3986
1437 3.86613
1438 3.87024
1439 3.39998
1440 3.87304
1441 3.40389
1442 3.40383
1443 3.40203
1444 3.40009
1445 3.86858
1446 3.40317
1447 3.86876
1448 3.39664
1449 3.87236
1450 3.3938
1451 2.80122
1452 3.46463
1453 3.46573
1454 2.92926
1455 3.4701
1456 3.39986
1457 3.47404
1458 3.87074
1459 3.86828
1460 3.33324
1461 2.80311
1462 2.79611
1463 2.80542
1464 3.47608
1465 2.93996
1466 2.93996
1467 3.39382
1468 3.46367
1469 3.41071
1470 3.31958
1471 3.34303
1472 3.33259
1473 3.33124
1474 3.33196
1475 3.32831
1476 3.33191
1477 3.33456
1478 3.33901
1479 3.3394
1480 3.34113
1481 3.34687
1482 3.33233
1483 3.33233
1484 3.33372
1485 3.32286
1486 2.93882
1487 3.85252
1488 3.86643
1489 3.59937
1490 2.9262
1491 2.94066
1492 2.92688
1493 3.86726
1494 3.60491
1495 3.59176
1496 2.93459
1497 2.93459
1498 2.92785
1499 3.87124
1500 3.59859
1501 3.60228
1502 2.93306
1503 2.92357
1504 2.93346
1505 3.60535
1506 3.40023
1507 3.39712
1508 3.39985
1509 3.4033
1510 3.87316
1511 3.40053
1512 3.869
1513 3.40211
1514 3.86992
1515 3.3993
1516 3.4067
1517 3.4026
1518 3.40057
1519 3.39978
1520 3.3996
1521 3.40618
1522 3.40802
1523 3.86552
1524 3.39534
1525 3.40808
1526 2.79943
1527 2.79775
1528 2.78019
1529 3.46259
1530 2.93482
1531 2.92746
1532 3.41064
1533 3.4605
1534 3.40036
1535 3.33212
1536 2.79356
1537 2.80455
1538 2.80303
1539 2.93302
1540 3.40253
1541 4.18353
1542 4.19134
1543 4.2177
1544 4.20629
1545 4.2032
1546 4.20894
1547 4.18828
1548 4.18466
1549 4.19053
1550 4.20872
1551 4.19309
1552 4.20729
1553 4.21171
1554 4.20324
1555 4.20669
1556 4.20686
1557 4.20185
1558 4.19324
1559 4.20238
1560 4.18177
1561 4.19728
1562 4.21912
1563 4.20325
1564 4.1775
1565 4.19955
1566 4.20337
1567 4.19665
1568 4.20284
1569 3.34531
1570 4.39259
1571 4.39259
1572 3.33552
1573 4.40136
1574 4.40136
1575 3.34677
1576 3.32094
1577 3.33081
1578 3.32038
1579 3.31817
1580 4.38529
1581 3.33339
1582 4.39677
1583 4.38095
1584 3.33983
1585 4.39598
1586 4.41929
1587 3.34305
1588 3.33522
1589 4.41604
1590 3.32793
1591 3.32295
1592 3.32295
1593 3.32249
1594 3.33685
1595 4.40111
1596 3.336
1597 4.39482
1598 4.39482
1599 3.33395
1600 4.39278
1601 4.39278
1602 3.33449
1603 3.33343
1604 4.4088
1605 3.34204
1606 3.33889
1607 3.34857
1608 3.32133
1609 3.3368
1610 3.33314
1611 3.32456
1612 3.32849
1613 3.32601
1614 3.34389
1615 3.34552
1616 4.39986
1617 4.39986
1618 3.33379
1619 3.34176
1620 4.40356
1621 3.33284
1622 3.3335
1623 4.39686
1624 3.33867
1625 3.00944
1626 3.00944
1627 2.99585
1628 2.99883
1629 2.9943
1630 3.00357
1631 4.87348
1632 4.72145
1633 4.85612
1634 4.8575
1635 3.00271
1636 4.73027
1637 4.86401
1638 4.87361
1639 3.00601
1640 4.74704
1641 4.7338
1642 4.72873
1643 4.87461
1644 2.99121
1645 2.99457
1646 3.00152
1647 3.00162
1648 3.00404
1649 3.00404
1650 2.9876
1651 3.00389
1652 3.00574
1653 2.99397
1654 2.99828
1655 2.99828
1656 2.99488
1657 2.99656
1658 2.98401
1659 3.00303
1660 3.00111
1661 4.73025
1662 4.85145
1663 4.86823
1664 3.00298
1665 4.74781
1666 4.71807
1667 4.75243
1668 4.85638
1669 2.99843
1670 3.00425
1671 4.74373
1672 4.75857
1673 4.73563
1674 4.87359
1675 2.9943
1676 2.9996
1677 4.73942
1678 4.72302
1679 4.73269
1680 3.01283
1681 2.40104
1682 2.40104
1683 2.39759
1684 2.40602
1685 2.39883
1686 3.20721
1687 2.93244
1688 3.20002
1689 3.19121
1690 2.92435
1691 3.2038
1692 3.19733
1693 2.94491
1694 2.93309
1695 3.19811
1696 3.20031
1697 3.46741
1698 3.45474
1699 2.99679
1700 3.2058
1701 3.20032
1702 3.2049
1703 3.46093
1704 2.9907
1705 3.00091
1706 3.59153
1707 4.78872
1708 4.80325
1709 3.87032
1710 2.5299
1711 3.20093
1712 3.60689
1713 3.60784
1714 4.8022
1715 2.53185
1716 2.40541
1717 2.39979
1718 2.39626
1719 2.39896
1720 2.39896
1721 2.39898
1722 2.40305
1723 2.40268
1724 2.40268
1725 2.39851
1726 2.93082
1727 3.20945
1728 3.20945
1729 2.92504
1730 2.92404
1731 3.19617
1732 2.92649
1733 2.92858
1734 3.20879
1735 2.94213
1736 3.20604
1737 3.20854
1738 3.2105
1739 3.46881
1740 3.00249
1741 2.99261
1742 3.18717
1743 3.19669
1744 3.20252
1745 2.99258
1746 3.61151
1747 3.60868
1748 4.80984
1749 2.53456
1750 3.5901
1751 4.21023
1752 4.21506
1753 4.19708
1754 4.20727
1755 4.20872
1756 4.19578
1757 4.2104
1758 4.19824
1759 4.19943
1760 4.20415
1761 4.18865
1762 4.18982
1763 4.18892
1764 4.18887
1765 4.20379
1766 4.19195
1767 4.19353
1768 4.20941
1769 4.21062
1770 4.20926
1771 4.19246
1772 2.99541
1773 4.86644
1774 4.84814
1775 4.74077
1776 4.85825
1777 2.99357
1778 3.00148
1779 3.00234
1780 2.9999
1781 4.87513
1782 4.73437
1783 4.85172
1784 4.72557
1785 4.87526
1786 4.73155
1787 2.98656
1788 2.99922
1789 2.99792
1790 2.9997
1791 4.86107
1792 4.735
1793 4.87062
1794 4.7384
1795 4.86319
1796 4.72984
1797 2.99514
1798 2.99851
1799 2.99923
1800 3.00354
1801 2.99821
1802 2.99821
1803 4.73205
1804 4.86533
1805 4.7407
1806 4.72999
1807 5.38614
1808 5.38738
1809 5.41938
1810 5.40885
1811 5.38726
1812 6.19763
1813 3.40508
1814 6.21329
1815 6.21329
1816 3.40737
1817 6.19152
1818 6.18835
1819 3.40024
1820 3.40013
1821 6.19341
1822 5.40755
1823 5.38173
1824 5.40796
1825 5.38821
1826 5.40259
1827 5.40561
1828 5.41524
1829 5.39249
1830 5.40594
1831 5.39794
1832 3.41263
1833 6.20529
1834 6.16902
1835 3.40371
1836 3.4082
1837 6.22675
1838 3.40855
1839 3.40254
1840 6.17473
1841 3.40593
1842 3.12788
1843 3.12775
1844 3.12837
1845 3.1332
1846 5.46287
1847 4.74525
1848 5.45336
1849 4.72636
1850 5.47206
1851 4.72415
1852 3.38792
1853 3.80508
1854 3.80508
1855 3.3978
1856 3.40319
1857 3.79336
1858 3.52382
1859 3.85738
1860 6.20962
1861 3.53635
1862 3.12826
1863 3.12941
1864 3.1239
1865 3.14209
1866 3.13293
1867 3.12484
1868 4.72351
1869 5.47044
1870 4.73409
1871 4.73459
1872 3.40325
1873 3.39895
1874 3.7917
1875 3.39189
1876 3.52878
1877 2.59315
1878 2.60877
1879 2.59921
1880 2.60174
1881 2.60174
1882 2.60167
1883 2.5959
1884 2.59216
1885 2.59216
1886 2.59825
1887 2.59069
1888 2.59457
1889 2.60076
1890 2.60076
1891 2.60061
1892 4.13192
1893 4.27046
1894 4.25787
1895 3.18737
1896 4.12646
1897 4.1165
1898 4.11536
1899 4.26175
1900 3.19451
1901 3.21828
1902 4.13388
1903 4.13514
1904 4.13104
1905 4.27251
1906 3.20118
1907 3.20118
1908 4.13964
1909 4.13145
1910 4.1431
1911 3.19655
1912 3.00494
1913 3.00457
1914 2.99916
1915 3.01182
1916 3.26384
1917 3.13712
1918 3.26206
1919 3.12873
1920 3.27979
1921 3.13223
1922 3.0001
1923 3.00288
1924 2.99038
1925 2.99701
1926 2.99546
1927 2.99546
1928 3.14381
1929 3.25713
1930 3.12435
1931 3.126
1932 3.33249
1933 3.33602
1934 3.34041
1935 3.4761
1936 2.39794
1937 2.40137
1938 5.41348
1939 5.46768
1940 5.39403
1941 3.32663
1942 3.33007
1943 3.34766
1944 3.33331
1945 2.4061
1946 5.40434
1947 3.33584
1948 3.33338
1949 3.32799
1950 3.33063
1951 3.33949
1952 3.32245
1953 3.33601
1954 3.32502
1955 3.32517
1956 3.33746
1957 2.79568
1958 3.59814
1959 3.59814
1960 2.80222
1961 2.79743
1962 3.59633
1963 2.79529
1964 2.78871
1965 3.59498
1966 2.79828
1967 4.12036
1968 4.13222
1969 4.13545
1970 5.47383
1971 4.70641
1972 4.73331
1973 4.14173
1974 4.15681
1975 4.12292
1976 4.738
1977 2.94053
1978 2.93011
1979 4.82616
1980 2.80119
1981 2.93548
1982 2.99974
1983 2.99984
1984 3.00095
1985 3.01253
1986 2.99535
1987 3.00959
1988 3.00545
1989 3.46121
1990 3.00464
1991 2.99688
1992 3.40365
1993 3.39735
1994 3.79575
1995 3.41027
1996 3.13487
1997 2.60373
1998 2.60537
1999 2.60537
2000 3.0074
2001 4.20674
2002 3.33237
2003 3.8018
2004 3.80257
2005 3.81543
2006 3.80266
2007 3.80707
2008 3.80175
2009 3.80057
2010 3.8063
2011 3.80372
2012 3.78454
2013 3.80482
2014 3.81153
2015 3.79789
2016 3.79708
2017 3.7873
2018 3.80145
2019 3.80317
2020 3.80232
2021 3.79932
2022 3.79837
2023 3.81534
2024 3.81347
2025 3.78517
2026 3.79251
2027 3.79396
2028 3.80168
2029 3.8038
2030 3.80268
2031 3.81088
2032 3.80385
2033 3.80159
2034 3.79854
2035 3.81017
2036 3.81042
2037 3.8016
2038 3.79829
2039 3.80289
2040 3.80457
2041 3.79778
2042 3.81018
2043 3.79712
2044 3.79819
2045 3.79625
2046 3.80192
2047 3.7869
2048 2.99787
2049 4.38787
2050 4.40033
2051 4.13181
2052 4.38868
2053 4.40438
2054 2.79766
2055 4.4039
2056 3.00569
2057 3.01345
2058 3.00694
2059 2.99241
2060 2.99241
2061 3.0081
2062 3.00301
2063 4.38875
2064 4.12227
2065 4.38433
2066 4.39404
2067 2.80466
2068 4.39662
2069 4.14738
2070 4.38289
2071 4.38741
2072 2.79957
2073 4.40722
2074 4.1344
2075 4.14819
2076 4.13368
2077 4.12314
2078 4.414
2079 2.8096
2080 4.39269
2081 2.80065
2082 4.40053
2083 2.79508
2084 3.00451
2085 2.98674
2086 2.98674
2087 2.99065
2088 2.98011
2089 2.9892
2090 3.00462
2091 4.412
2092 4.14852
2093 4.39773
2094 4.40542
2095 2.80646
2096 4.41676
2097 4.12243
2098 4.38925
2099 4.38925
2100 2.79802
2101 4.40609
2102 4.13943
2103 4.12836
2104 4.13972
2105 4.13472
2106 4.40024
2107 2.80408
2108 4.40632
2109 2.79988
2110 4.40585
2111 2.79643
2112 2.99075
2113 2.99075
2114 3.00434
2115 2.99873
2116 3.0069
2117 3.0062
2118 3.0062
2119 3.00497
2120 2.99948
2121 2.9913
2122 3.00653
2123 3.00653
2124 2.99374
2125 3.01591
2126 3.00984
2127 2.99988
2128 2.9953
2129 2.9953
2130 3.00879
2131 2.99591
2132 3.01104
2133 4.12728
2134 4.40881
2135 4.40881
2136 2.80477
2137 4.38611
2138 4.12219
2139 4.13778
2140 4.13641
2141 4.14035
2142 4.40755
2143 2.80139
2144 4.41818
2145 2.8035
2146 4.38884
2147 2.79566
2148 4.11512
2149 4.11622
2150 4.12037
2151 4.12087
2152 4.39921
2153 2.80149
2154 4.42761
2155 2.80472
2156 4.40564
2157 2.79967
2158 4.10612
2159 4.12068
2160 4.12718
2161 4.13199
2162 4.12772
2163 4.15095
2164 2.80274
2165 4.3909
2166 2.79438
2167 2.79165
2168 3.53857
2169 3.53867
2170 3.53864
2171 3.53777
2172 3.53663
2173 3.53663
2174 3.53106
2175 3.53423
2176 4.07069
2177 3.14292
2178 4.06148
2179 4.07059
2180 3.80166
2181 4.06745
2182 4.06355
2183 3.13774
2184 4.07508
2185 4.06036
2186 3.8082
2187 4.06585
2188 4.06414
2189 3.14375
2190 3.1296
2191 3.13355
2192 3.14056
2193 3.13014
2194 4.0671
2195 3.79502
2196 4.0619
2197 4.05742
2198 3.79372
2199 4.04825
2200 4.07179
2201 3.79526
2202 3.8103
2203 4.06355
2204 3.53665
2205 3.52507
2206 3.53546
2207 3.53497
2208 3.52976
2209 3.52716
2210 3.53051
2211 3.53051
2212 3.53916
2213 3.52759
2214 3.53334
2215 3.52958
2216 3.53175
2217 3.53936
2218 3.52083
2219 3.53908
2220 3.52204
2221 3.52204
2222 3.5299
2223 3.54556
2224 3.53664
2225 3.53274
2226 3.52939
2227 3.52578
2228 3.54317
2229 3.53366
2230 3.53212
2231 3.53212
2232 3.13438
2233 4.07322
2234 4.06973
2235 3.7947
2236 4.06248
2237 4.0639
2238 3.14415
2239 3.13347
2240 3.12304
2241 3.13888
2242 3.12905
2243 4.06172
2244 3.787
2245 4.07467
2246 4.07237
2247 3.7991
2248 4.072
2249 4.07122
2250 3.8076
2251 3.803
2252 4.05854
2253 3.12138
2254 3.13734
2255 3.13601
2256 3.13401
2257 3.13146
2258 4.06027
2259 3.7902
2260 4.07645
2261 4.06731
2262 3.79939
2263 4.0657
2264 4.0789
2265 3.80073
2266 3.80058
2267 4.07245
2268 3.13772
2269 3.12702
2270 3.13279
2271 3.12878
2272 3.12878
2273 3.13475
2274 3.12964
2275 3.13293
2276 3.13292
2277 3.131
2278 3.80395
2279 4.06764
2280 4.06754
2281 3.80188
2282 3.79205
2283 4.06739
2284 3.81101
2285 3.78524
2286 4.06935
2287 3.79421
2288 2.60453
2289 2.59677
2290 2.60482
2291 2.59948
2292 2.59948
2293 2.60255
2294 2.60291
2295 3.6041
2296 3.2063
2297 3.59813
2298 3.59932
2299 2.79584
2300 3.59926
2301 3.1948
2302 3.60171
2303 3.60297
2304 2.80271
2305 3.60531
2306 3.19352
2307 3.18213
2308 3.18213
2309 3.1885
2310 3.58398
2311 2.79707
2312 3.59301
2313 2.80034
2314 3.59655
2315 2.80037
2316 3.13172
2317 3.27546
2318 3.25809
2319 3.00348
2320 3.26753
2321 3.26753
2322 3.13097
2323 3.12994
2324 3.13787
2325 3.12837
2326 3.13566
2327 3.26
2328 2.99564
2329 3.26539
2330 3.27111
2331 3.01174
2332 3.26669
2333 3.26816
2334 2.99432
2335 3.00031
2336 3.27038
2337 3.19199
2338 3.60976
2339 3.60976
2340 2.53686
2341 3.61247
2342 4.27417
2343 4.19761
2344 4.2598
2345 4.26572
2346 4.40214
2347 3.06993
2348 4.67061
2349 2.80045
2350 4.41222
2351 3.06077
2352 3.20086
2353 3.20086
2354 3.1973
2355 3.19411
2356 3.6013
2357 2.5313
2358 3.59818
2359 2.53896
2360 3.605
2361 2.53204
2362 4.20465
2363 4.26052
2364 4.2707
2365 4.20491
2366 4.20577
2367 4.26578
2368 2.803
2369 4.39672
2370 3.07132
2371 2.80633
2372 2.59344
2373 2.59724
2374 2.60357
2375 2.60357
2376 2.60558
2377 2.59515
2378 2.60384
2379 2.60384
2380 2.59628
2381 2.60347
2382 2.59401
2383 2.59944
2384 2.59944
2385 2.59647
2386 2.59263
2387 2.59734
2388 2.59734
2389 2.60129
2390 2.59675
2391 2.59608
2392 2.59608
2393 3.1959
2394 3.60927
2395 3.60239
2396 2.80351
2397 3.6031
2398 3.21083
2399 3.21083
2400 3.20067
2401 3.19555
2402 3.59507
2403 2.79201
2404 3.60485
2405 2.79707
2406 3.59922
2407 2.797
2408 3.18958
2409 3.19402
2410 3.19861
2411 3.20238
2412 3.60057
2413 2.80029
2414 3.59847
2415 2.79897
2416 3.60176
2417 2.8
2418 3.21303
2419 3.20638
2420 3.20638
2421 3.20499
2422 3.2019
2423 3.20728
2424 2.7989
2425 3.59278
2426 2.79517
2427 2.8004
2428 3.13237
2429 3.14053
2430 3.14053
2431 3.13884
2432 3.11285
2433 3.26266
2434 3.00746
2435 3.26026
2436 3.26034
2437 2.99486
2438 3.25643
2439 3.27083
2440 2.99498
2441 3.00622
2442 3.26983
2443 3.12585
2444 3.12361
2445 3.12361
2446 3.13523
2447 3.12473
2448 3.12621
2449 3.14288
2450 3.13204
2451 3.13204
2452 3.13054
2453 3.00421
2454 3.26267
2455 3.26727
2456 3.0087
2457 3.00277
2458 3.26433
2459 3.00892
2460 2.99855
2461 3.2705
2462 2.99513
2463 3.20248
2464 3.20807
2465 3.20807
2466 3.19513
2467 3.59993
2468 2.53342
2469 3.60238
2470 2.53605
2471 3.61275
2472 2.53771
2473 4.20548
2474 4.26949
2475 4.25232
2476 4.21714
2477 4.19484
2478 4.27298
2479 2.79865
2480 4.39776
2481 3.06475
2482 2.79567
2483 3.1992
2484 3.20692
2485 3.21074
2486 3.19921
2487 3.20156
2488 3.19483
2489 2.5326
2490 3.59372
2491 2.53424
2492 2.53114
2493 4.19773
2494 4.19757
2495 4.26634
2496 4.18685
2497 2.79866
2498 2.73597
2499 2.73216
2500 2.73179
2501 2.73062
2502 2.73062
2503 2.73652
2504 2.73178
2505 2.73632
2506 2.73632
2507 2.73457
2508 2.73359
2509 2.72895
2510 2.73232
2511 2.73232
2512 2.72657
2513 2.73656
2514 2.72547
2515 2.72891
2516 2.72891
2517 2.73025
2518 2.73325
2519 2.73866
2520 2.73866
2521 2.73133
2522 2.73405
2523 2.7385
2524 2.7385
2525 2.72779
2526 2.7336
2527 2.7337
2528 2.7337
2529 2.72874
2530 2.73399
2531 2.7393
2532 2.72849
2533 2.72849
2534 3.78229
2535 4.06764
2536 4.07497
2537 3.14186
2538 4.07249
2539 4.07833
2540 3.52536
2541 3.80152
2542 3.80255
2543 3.79221
2544 3.79622
2545 3.80521
2546 3.79109
2547 4.0734
2548 3.12444
2549 4.0636
2550 4.06885
2551 3.53477
2552 3.12226
2553 4.06073
2554 4.06654
2555 3.53182
2556 3.11937
2557 3.11937
2558 3.13513
2559 4.06327
2560 3.54002
2561 3.52758
2562 3.8025
2563 3.80723
2564 3.80858
2565 3.79146
2566 3.80345
2567 3.81551
2568 4.05522
2569 3.13438
2570 4.07189
2571 4.06089
2572 3.53072
2573 3.12592
2574 4.08192
2575 4.07308
2576 3.5385
2577 3.1502
2578 3.1502
2579 3.13999
2580 4.07213
2581 3.53233
2582 3.53928
2583 3.80328
2584 3.80546
2585 3.79095
2586 3.80437
2587 3.79665
2588 3.81024
2589 3.79794
2590 3.78491
2591 3.79118
2592 3.8135
2593 3.78612
2594 3.79624
2595 3.7953
2596 3.79086
2597 3.79574
2598 3.13103
2599 4.06048
2600 4.07157
2601 3.5312
2602 3.13092
2603 3.13934
2604 3.1345
2605 4.07099
2606 3.53183
2607 3.53483
2608 3.12357
2609 3.13307
2610 3.13277
2611 4.0744
2612 3.54292
2613 3.52835
2614 3.12853
2615 3.14168
2616 3.14168
2617 3.52382
2618 4.20161
2619 4.19458
2620 4.19457
2621 4.20184
2622 4.20039
2623 4.21655
2624 4.17907
2625 4.39343
2626 3.32843
2627 4.38968
2628 4.38968
2629 3.33641
2630 4.3997
2631 3.33176
2632 4.39929
2633 4.38375
2634 3.33904
2635 4.4004
2636 3.34755
2637 3.33424
2638 3.33454
2639 3.33036
2640 4.39136
2641 3.31744
2642 4.3848
2643 3.32972
2644 4.40831
2645 3.33847
2646 4.19145
2647 4.20594
2648 4.19686
2649 4.20906
2650 4.19451
2651 4.1905
2652 4.19289
2653 4.20798
2654 4.21176
2655 4.19251
2656 4.20492
2657 4.20243
2658 4.19572
2659 4.21376
2660 4.20274
2661 4.20504
2662 4.18436
2663 4.1911
2664 4.20449
2665 4.20462
2666 4.21089
2667 3.33181
2668 4.40218
2669 4.40218
2670 3.33897
2671 4.39014
2672 3.331
2673 3.33242
2674 3.32994
2675 3.34
2676 4.38884
2677 3.34924
2678 4.38631
2679 3.34503
2680 4.41554
2681 3.3363
2682 3.33144
2683 3.33154
2684 3.32965
2685 3.34717
2686 4.39992
2687 3.34138
2688 4.40719
2689 3.33039
2690 4.3955
2691 3.33107
2692 3.3325
2693 3.3325
2694 3.33493
2695 3.32986
2696 3.33739
2697 3.31664
2698 3.33906
2699 4.41595
2700 3.33417
2701 3.33417
2702 4.20935
2703 4.20904
2704 4.19453
2705 4.20671
2706 4.19703
2707 4.20633
2708 4.86012
2709 3.00696
2710 4.85333
2711 4.85979
2712 4.74407
2713 2.99148
2714 4.85869
2715 4.847
2716 4.71765
2717 2.99193
2718 2.99947
2719 2.99947
2720 4.86902
2721 4.72301
2722 4.72969
2723 5.40487
2724 6.20806
2725 6.20806
2726 3.40348
2727 6.1956
2728 5.39639
2729 5.37854
2730 5.41173
2731 5.41811
2732 6.1883
2733 3.39914
2734 6.20079
2735 3.40047
2736 6.216
2737 3.39687
2738 3.12882
2739 5.45854
2740 5.44572
2741 4.73959
2742 3.81068
2743 3.39728
2744 3.81128
2745 3.86563
2746 6.20101
2747 3.53295
2748 3.12623
2749 3.12545
2750 3.13421
2751 5.48218
2752 4.72484
2753 4.72491
2754 3.40475
2755 3.77855
2756 3.41404
2757 3.53147
2758 4.20175
2759 4.21202
2760 4.19865
2761 4.19075
2762 4.19131
2763 4.19044
2764 4.21536
2765 4.21369
2766 4.20342
2767 4.19867
2768 4.19153
2769 4.21007
2770 4.20237
2771 4.18698
2772 4.18969
2773 2.99524
2774 4.88422
2775 4.8513
2776 4.74212
2777 2.99936
2778 2.99871
2779 2.99871
2780 4.86652
2781 4.72283
2782 4.73385
2783 2.98569
2784 2.99689
2785 2.99147
2786 4.86887
2787 4.71907
2788 4.71391
2789 3.00319
2790 3.00378
2791 3.00529
2792 4.73559
2793 5.38493
2794 5.4021
2795 5.40306
2796 5.42812
2797 6.20838
2798 3.41286
2799 6.20524
2800 3.40585
2801 6.19976
2802 3.39642
2803 5.39329
2804 5.39714
2805 5.4144
2806 5.39633
2807 5.41896
2808 5.40945
2809 3.4029
2810 6.22025
2811 3.40237
2812 3.38951
2813 3.14034
2814 3.14034
2815 3.13924
2816 5.45667
2817 4.73072
2818 4.71759
2819 3.40368
2820 3.79866
2821 3.39821
2822 3.53328
2823 3.138
2824 3.12615
2825 3.1306
2826 4.73333
2827 3.39548
2828 2.8074
2829 2.80268
2830 2.80268
2831 2.79868
2832 2.7925
2833 2.79733
2834 2.8027
2835 2.80209
2836 2.80231
2837 2.79628
2838 2.79311
2839 2.80011
2840 2.80011
2841 2.79844
2842 2.80217
2843 2.79467
2844 2.79793
2845 2.79793
2846 2.80342
2847 2.79474
2848 2.81162
2849 2.80216
2850 2.80216
2851 2.8038
2852 2.8042
2853 2.80508
2854 2.79637
2855 2.79637
2856 2.80845
2857 3.0723
2858 3.06335
2859 2.53664
2860 3.06944
2861 3.07824
2862 2.79917
2863 2.80269
2864 2.8005
2865 2.79967
2866 2.79967
2867 3.06666
2868 2.52671
2869 3.06584
2870 3.06908
2871 2.53476
2872 3.0667
2873 3.06863
2874 2.54051
2875 2.53476
2876 3.06833
2877 2.79905
2878 2.80032
2879 2.80139
2880 2.80474
2881 2.79891
2882 3.075
2883 2.53919
2884 3.07467
2885 3.0707
2886 2.53207
2887 3.06798
2888 3.06855
2889 2.53407
2890 2.53535
2891 3.07001
2892 2.80046
2893 2.80861
2894 2.80861
2895 2.78825
2896 2.81026
2897 2.79996
2898 2.79956
2899 2.79495
2900 2.79495
2901 2.79328
2902 2.53819
2903 3.07179
2904 3.06703
2905 2.53703
2906 2.53848
2907 3.0679
2908 2.53206
2909 2.53388
2910 3.06668
2911 2.52707
2912 3.33842
2913 3.33081
2914 3.33404
2915 3.33404
2916 3.31841
2917 3.33985
2918 3.86699
2919 3.39094
2920 3.85917
2921 3.87418
2922 3.4059
2923 3.39139
2924 3.85973
2925 3.85973
2926 3.40843
2927 3.40449
2928 3.39517
2929 3.4091
2930 3.85503
2931 3.39935
2932 3.40322
2933 3.32754
2934 3.34292
2935 3.34366
2936 3.33083
2937 3.34271
2938 3.33902
2939 3.33599
2940 3.32202
2941 3.3445
2942 3.33611
2943 3.3343
2944 3.33022
2945 3.33022
2946 3.33609
2947 3.33466
2948 3.39629
2949 3.86883
2950 3.86225
2951 3.3946
2952 3.40212
2953 3.40534
2954 3.39065
2955 3.86289
2956 3.39281
2957 3.4011
2958 3.39931
2959 3.40382
2960 3.397
2961 3.86294
2962 3.41052
2963 3.39529
2964 3.40821
2965 3.40208
2966 3.39825
2967 3.39903
2968 2.93066
2969 2.93684
2970 2.92139
2971 2.94061
2972 2.93357
2973 3.85702
2974 3.60142
2975 3.87883
2976 3.86184
2977 3.60074
2978 3.87506
2979 3.87571
2980 3.62593
2981 3.5955
2982 3.8689
2983 2.79802
2984 3.47042
2985 3.46554
2986 3.39487
2987 2.79181
2988 2.79237
2989 2.80005
2990 3.46821
2991 3.40496
2992 3.40438
2993 2.92709
2994 3.46708
2995 3.46348
2996 3.86442
2997 3.33969
2998 3.86743
2999 2.93406
3000 2.93372
3001 3.47034
3002 3.3321
3003 2.93419
3004 2.93419
3005 2.92968
3006 2.92862
3007 2.93412
3008 2.93217
3009 2.92239
3010 2.92509
3011 2.92509
3012 2.93203
3013 3.62072
3014 3.86595
3015 3.87245
3016 3.60861
3017 3.59953
3018 3.8669
3019 3.60666
3020 3.60194
3021 3.86469
3022 3.59536
3023 2.79746
3024 2.79785
3025 2.80027
3026 3.46285
3027 3.40327
3028 3.40383
3029 2.78912
3030 2.79931
3031 2.79568
3032 3.40099
3033 2.92733
3034 2.92733
3035 3.47586
3036 3.33311
3037 2.93427
3038 3.0089
3039 2.99564
3040 2.99868
3041 2.99868
3042 2.99969
3043 2.99521
3044 3.00066
3045 3.0018
3046 2.99104
3047 2.99213
3048 2.99213
3049 2.99999
3050 3.00723
3051 3.00611
3052 2.99208
3053 3.00635
3054 3.00635
3055 2.99688
3056 3.00687
3057 3.00019
3058 2.98996
3059 2.40122
3060 3.20228
3061 3.20437
3062 2.93885
3063 3.19842
3064 2.39818
3065 2.39818
3066 2.40168
3067 2.40084
3068 3.20076
3069 2.93358
3070 3.19688
3071 2.92952
3072 3.19755
3073 2.93478
3074 2.39429
3075 2.39429
3076 2.4025
3077 2.39565
3078 3.19533
3079 2.94322
3080 3.2001
3081 2.93212
3082 3.19741
3083 2.93007
3084 2.40369
3085 2.40129
3086 2.40612
3087 2.40612
3088 2.39721
3089 2.39954
3090 2.9325
3091 3.19714
3092 2.94192
3093 2.93796
3094 4.74508
3095 4.74303
3096 4.73655
3097 4.75272
3098 4.72919
3099 4.86319
3100 3.00202
3101 4.86772
3102 4.86689
3103 3.0042
3104 4.86812
3105 4.85584
3106 2.99979
3107 2.99152
3108 4.85944
3109 4.73332
3110 4.72611
3111 4.73557
3112 4.72482
3113 4.74445
3114 4.75032
3115 4.73742
3116 4.72601
3117 4.73281
3118 4.74892
3119 3.0051
3120 4.86675
3121 4.85817
3122 2.99387
3123 2.9838
3124 4.86982
3125 2.99745
3126 2.99378
3127 4.84626
3128 3.00746
3129 3.20991
3130 3.20762
3131 3.19783
3132 3.20425
3133 4.79825
3134 3.60987
3135 4.80456
3136 3.60945
3137 4.79143
3138 3.59495
3139 3.00209
3140 3.46166
3141 3.46134
3142 2.99583
3143 2.98897
3144 3.45356
3145 2.52828
3146 3.20639
3147 3.8691
3148 2.53108
3149 3.19874
3150 3.20164
3151 3.18311
3152 3.18695
3153 3.18695
3154 3.19295
3155 3.62203
3156 4.81037
3157 3.59754
3158 3.59167
3159 3.00671
3160 3.00988
3161 3.47683
3162 3.00854
3163 2.52676
3164 2.60284
3165 2.60404
3166 2.60404
3167 2.59916
3168 2.60475
3169 2.60093
3170 2.60093
3171 2.60174
3172 2.6026
3173 2.59715
3174 2.59715
3175 2.60577
3176 2.59484
3177 2.59484
3178 2.59725
3179 2.9996
3180 3.25101
3181 3.2715
3182 3.13254
3183 2.99704
3184 3.00941
3185 2.99291
3186 3.2582
3187 3.12814
3188 3.13762
3189 3.00621
3190 3.00621
3191 2.99095
3192 3.26949
3193 3.1332
3194 3.13321
3195 2.99372
3196 2.99282
3197 2.99282
3198 3.12637
3199 3.33879
3200 3.35015
3201 3.33194
3202 3.34618
3203 3.61462
3204 2.80608
3205 3.5991
3206 2.80294
3207 3.60004
3208 2.80426
3209 3.33483
3210 3.35415
3211 3.35415
3212 3.3246
3213 3.3358
3214 3.33191
3215 2.79692
3216 3.59632
3217 2.7991
3218 2.80224
3219 3.00482
3220 2.99726
3221 2.99726
3222 3.46406
3223 2.9925
3224 2.99676
3225 3.41195
3226 3.80179
3227 3.39303
3228 3.14231
3229 3.00811
3230 3.01092
3231 3.00366
3232 2.99525
3233 3.40072
3234 4.15052
3235 4.11593
3236 4.13882
3237 4.1235
3238 4.13341
3239 4.12471
3240 4.13723
3241 4.1336
3242 4.14647
3243 4.12806
3244 3.20124
3245 4.2699
3246 4.25841
3247 3.20222
3248 3.20222
3249 4.2545
3250 3.18908
3251 3.19635
3252 4.27592
3253 3.20117
3254 3.3471
3255 3.32025
3256 3.33619
3257 5.47447
3258 5.403
3259 5.38671
3260 3.33956
3261 3.32415
3262 3.32978
3263 5.39938
3264 2.39853
3265 2.39961
3266 3.46681
3267 3.34225
3268 2.4007
3269 4.13488
3270 4.12125
3271 4.13357
3272 4.12186
3273 4.13638
3274 4.11779
3275 2.929
3276 4.82526
3277 2.94913
3278 2.93599
3279 4.72307
3280 4.71595
3281 5.4567
3282 4.73158
3283 2.79595
3284 2.60312
3285 2.60642
3286 2.60642
3287 4.19993
3288 3.32652
3289 3.00225
3290 2.734
3291 2.73445
3292 2.73907
3293 2.73907
3294 2.7332
3295 2.72891
3296 2.73561
3297 2.73812
3298 2.73376
3299 2.73259
3300 2.73401
3301 2.73675
3302 2.73675
3303 2.73046
3304 2.73087
3305 2.73244
3306 2.72885
3307 2.72885
3308 2.72814
3309 2.72974
3310 2.73404
3311 2.73404
3312 2.73728
3313 2.73115
3314 2.73358
3315 2.73733
3316 2.73733
3317 2.7341
3318 2.7277
3319 2.73959
3320 2.73959
3321 2.72942
3322 2.74107
3323 2.72668
3324 2.72668
3325 2.73848
3326 4.18815
3327 4.4025
3328 4.41383
3329 3.34295
3330 4.40374
3331 4.40928
3332 3.34039
3333 4.19395
3334 4.20824
3335 4.21307
3336 4.2125
3337 4.20731
3338 4.18717
3339 4.38658
3340 3.31866
3341 4.4054
3342 4.39876
3343 3.33066
3344 3.33224
3345 4.3977
3346 4.38464
3347 3.33329
3348 3.32501
3349 3.33317
3350 3.32941
3351 4.39429
3352 3.34505
3353 3.34418
3354 4.18263
3355 4.20065
3356 4.18786
3357 4.186
3358 4.19091
3359 4.20265
3360 4.38719
3361 3.32397
3362 4.39532
3363 4.39823
3364 3.33048
3365 3.33818
3366 4.41804
3367 4.41108
3368 3.32412
3369 3.32566
3370 3.33392
3371 3.33705
3372 4.41006
3373 3.32651
3374 3.32651
3375 4.20924
3376 4.20637
3377 4.19313
3378 4.19806
3379 4.20632
3380 4.19663
3381 4.19752
3382 4.20131
3383 4.19076
3384 4.19032
3385 4.18872
3386 4.20909
3387 4.19625
3388 4.20048
3389 4.18394
3390 3.34653
3391 4.39274
3392 4.39274
3393 3.33332
3394 3.33013
3395 3.33137
3396 3.33802
3397 4.42262
3398 3.34462
3399 3.33842
3400 3.32945
3401 3.32586
3402 3.3328
3403 4.39613
3404 3.33197
3405 3.32958
3406 3.31842
3407 3.34718
3408 3.32394
3409 3.32674
3410 2.79594
3411 2.79594
3412 2.80851
3413 2.79376
3414 2.79954
3415 2.80533
3416 2.80533
3417 3.06922
3418 2.79385
3419 3.0672
3420 3.06494
3421 2.53426
3422 3.05984
3423 2.80754
3424 3.06719
3425 3.06996
3426 2.53286
3427 3.06962
3428 2.80368
3429 2.79465
3430 2.80105
3431 2.80745
3432 3.06546
3433 2.53538
3434 3.06941
3435 2.52627
3436 3.06498
3437 2.53408
3438 2.80888
3439 2.78938
3440 2.78939
3441 2.79948
3442 2.80403
3443 2.80403
3444 2.79221
3445 2.79839
3446 2.80171
3447 2.79951
3448 2.79951
3449 2.79798
3450 2.80034
3451 2.80622
3452 2.7934
3453 2.7934
3454 2.80103
3455 2.7928
3456 2.80598
3457 2.7936
3458 2.7936
3459 2.80367
3460 3.05999
3461 3.07199
3462 2.53418
3463 3.07034
3464 2.81114
3465 2.79767
3466 2.79976
3467 2.8053
3468 3.0635
3469 2.53642
3470 3.07615
3471 2.52481
3472 3.07493
3473 2.53069
3474 2.79865
3475 2.79521
3476 2.79581
3477 2.80729
3478 3.06825
3479 2.53365
3480 3.05713
3481 2.53135
3482 3.07268
3483 2.53639
3484 2.80114
3485 2.80114
3486 2.79273
3487 2.80358
3488 2.80131
3489 2.7991
3490 2.52696
3491 3.06212
3492 2.53781
3493 2.53486
3494 3.0009
3495 3.00057
3496 3.00062
3497 3.00062
3498 2.99883
3499 2.99996
3500 3.19649
3501 2.39648
3502 3.20123
3503 3.20123
3504 2.9448
3505 2.404
3506 3.19807
3507 3.19914
3508 2.9357
3509 2.39683
3510 2.39683
3511 2.40685
3512 3.19879
3513 2.92422
3514 2.92847
3515 4.71908
3516 4.87069
3517 4.85425
3518 3.00011
3519 4.86741
3520 4.72988
3521 4.74085
3522 4.72545
3523 4.73292
3524 4.85884
3525 2.9961
3526 4.87907
3527 3.00516
3528 4.86704
3529 2.99214
3530 3.19874
3531 4.79593
3532 4.79593
3533 3.60097
3534 3.47884
3535 3.00462
3536 3.46665
3537 3.20877
3538 3.8766
3539 2.53579
3540 3.19118
3541 3.19778
3542 3.21041
3543 4.79263
3544 3.60337
3545 3.60106
3546 3.00715
3547 3.47379
3548 3.00303
3549 2.53396
3550 2.99982
3551 3.0034
3552 3.00086
3553 3.00581
3554 3.00581
3555 2.99857
3556 2.99463
3557 3.00448
3558 2.99825
3559 3.00058
3560 3.01048
3561 3.00141
3562 3.00121
3563 2.99709
3564 2.99709
3565 2.40008
3566 3.19878
3567 3.19878
3568 2.93281
3569 2.39528
3570 2.40241
3571 2.40241
3572 3.19857
3573 2.93827
3574 2.93827
3575 2.40108
3576 2.40215
3577 2.40012
3578 3.20661
3579 2.93508
3580 2.93146
3581 2.40426
3582 2.40029
3583 2.40029
3584 2.93216
3585 4.74372
3586 4.7286
3587 4.74484
3588 4.7374
3589 4.85443
3590 2.99619
3591 4.86057
3592 2.99964
3593 4.86782
3594 2.99959
3595 4.73776
3596 4.72893
3597 4.72148
3598 4.72362
3599 4.75202
3600 4.73033
3601 3.00084
3602 4.85438
3603 2.99203
3604 3.00888
3605 3.20164
3606 3.20196
3607 3.19948
3608 4.7995
3609 3.60745
3610 3.60566
3611 3.00007
3612 3.45917
3613 2.9935
3614 2.53738
3615 3.1872
3616 3.20534
3617 3.19814
3618 3.60488
3619 2.99485
3620 3.80335
3621 3.80449
3622 3.80843
3623 3.79919
3624 3.8
3625 3.7986
3626 3.79678
3627 3.80229
3628 3.79259
3629 3.80695
3630 3.80354
3631 3.79961
3632 3.80306
3633 3.80848
3634 3.80779
3635 3.80164
3636 3.80444
3637 3.80142
3638 3.80158
3639 3.78659
3640 3.79961
3641 3.80695
3642 3.78806
3643 3.79025
3644 3.79534
3645 3.80485
3646 3.81576
3647 3.79446
3648 3.14135
3649 4.06821
3650 4.06449
3651 3.53956
3652 4.05702
3653 4.06669
3654 3.13135
3655 3.13377
3656 3.13377
3657 3.13225
3658 3.12575
3659 4.06718
3660 3.54078
3661 4.05325
3662 4.0818
3663 3.52423
3664 4.06767
3665 4.06768
3666 3.53461
3667 3.54569
3668 4.06476
3669 3.1342
3670 3.12739
3671 3.12516
3672 3.14484
3673 3.13646
3674 4.06718
3675 3.54443
3676 4.07353
3677 4.08195
3678 3.51112
3679 4.05432
3680 4.06461
3681 3.53746
3682 3.51262
3683 4.07495
3684 3.13379
3685 3.13248
3686 3.1395
3687 3.13446
3688 3.1295
3689 3.13485
3690 3.12849
3691 3.13463
3692 3.13463
3693 3.11947
3694 3.54091
3695 4.06277
3696 4.07332
3697 3.54078
3698 3.54125
3699 4.05515
3700 3.54388
3701 3.52276
3702 4.06503
3703 3.53808
3704 4.20631
3705 4.2046
3706 4.19356
3707 4.18018
3708 4.19126
3709 4.19353
3710 6.19985
3711 5.39968
3712 6.20708
3713 6.19342
3714 3.40798
3715 5.40212
3716 6.20832
3717 6.20112
3718 3.40196
3719 5.40802
3720 5.39819
3721 5.41751
3722 6.21119
3723 3.40293
3724 3.40609
3725 4.20075
3726 4.20763
3727 4.18295
3728 4.19234
3729 4.20574
3730 4.20326
3731 4.18973
3732 4.20728
3733 4.19643
3734 4.17891
3735 4.18668
3736 4.21523
3737 4.20173
3738 4.20164
3739 4.18089
3740 5.39145
3741 6.19292
3742 6.19706
3743 3.40052
3744 5.38783
3745 5.39482
3746 5.38712
3747 6.20109
3748 3.4069
3749 3.40192
3750 5.4129
3751 5.40412
3752 5.39574
3753 6.20042
3754 3.40959
3755 3.40563
3756 5.39869
3757 5.40407
3758 5.39651
3759 3.40709
3760 3.00156
3761 3.00156
3762 3.00029
3763 3.00095
3764 2.99115
3765 4.86281
3766 4.73512
3767 4.86127
3768 4.865
3769 4.72325
3770 4.86246
3771 4.86459
3772 4.73365
3773 4.74131
3774 4.87116
3775 3.12845
3776 3.78761
3777 3.78761
3778 3.39534
3779 3.13231
3780 3.13464
3781 3.13284
3782 3.7988
3783 3.40693
3784 3.39223
3785 4.72585
3786 5.45698
3787 5.46914
3788 6.21081
3789 3.52963
3790 3.87064
3791 4.74426
3792 4.71324
3793 5.44842
3794 3.53446
3795 2.99628
3796 2.99436
3797 2.99381
3798 3.01273
3799 2.99349
3800 2.99349
3801 2.99943
3802 2.99941
3803 2.99714
3804 2.99756
3805 4.72839
3806 4.85697
3807 4.86217
3808 4.72007
3809 4.74264
3810 4.89571
3811 4.73943
3812 4.72598
3813 4.86883
3814 4.72663
3815 3.12729
3816 3.12538
3817 3.13747
3818 3.80459
3819 3.39283
3820 3.3891
3821 3.13356
3822 3.14
3823 3.14
3824 3.39188
3825 4.73592
3826 4.74218
3827 5.47127
3828 3.52804
3829 4.72833
3830 3.31973
3831 3.32381
3832 3.34378
3833 3.3403
3834 3.33133
3835 3.3409
3836 3.32308
3837 3.33734
3838 3.33734
3839 3.33495
3840 3.32096
3841 3.32681
3842 3.33442
3843 3.34143
3844 3.31984
3845 3.33925
3846 3.33022
3847 3.33208
3848 3.33208
3849 3.34109
3850 3.33136
3851 2.94088
3852 3.85379
3853 3.88281
3854 3.60279
3855 3.86242
3856 2.92833
3857 2.93862
3858 2.92902
3859 2.94261
3860 3.87702
3861 3.60654
3862 3.85272
3863 3.58664
3864 3.86395
3865 3.60044
3866 2.93625
3867 2.93625
3868 2.93065
3869 2.93309
3870 3.86945
3871 3.59643
3872 3.86405
3873 3.60162
3874 3.87582
3875 3.60959
3876 2.93439
3877 2.92794
3878 2.92794
3879 2.92791
3880 2.93884
3881 2.94001
3882 3.59303
3883 3.87224
3884 3.60495
3885 3.59698
3886 3.40579
3887 3.39473
3888 3.39108
3889 3.39108
3890 3.38971
3891 3.86109
3892 3.39959
3893 3.86594
3894 3.85819
3895 3.40362
3896 3.87509
3897 3.87238
3898 3.40602
3899 3.40602
3900 3.85852
3901 3.40676
3902 3.40439
3903 3.40141
3904 3.40087
3905 3.39402
3906 3.41595
3907 3.40016
3908 3.40477
3909 3.40858
3910 3.40858
3911 3.40011
3912 3.86723
3913 3.86787
3914 3.40702
3915 3.39195
3916 3.86806
3917 3.40589
3918 3.39992
3919 3.85799
3920 3.39795
3921 2.78767
3922 2.80259
3923 2.79774
3924 2.79281
3925 3.46726
3926 2.93847
3927 3.47502
3928 2.93916
3929 3.46464
3930 2.92971
3931 3.39471
3932 3.48254
3933 3.48254
3934 3.3961
3935 3.40178
3936 3.46376
3937 3.32617
3938 3.86283
3939 3.8741
3940 3.32223
3941 2.80229
3942 2.79553
3943 2.80317
3944 2.79137
3945 2.79137
3946 2.79606
3947 2.93005
3948 3.46559
3949 2.93424
3950 2.93791
3951 3.40147
3952 3.40536
3953 3.47178
3954 3.39987
3955 3.35102
3956 2.60326
3957 2.60026
3958 2.59672
3959 2.60416
3960 2.60325
3961 2.60325
3962 2.59903
3963 2.59787
3964 2.60459
3965 2.60459
3966 2.59558
3967 2.60143
3968 2.60143
3969 2.60429
3970 2.59821
3971 3.32398
3972 3.59284
3973 3.59193
3974 2.79634
3975 3.33116
3976 3.32779
3977 3.33603
3978 3.59204
3979 2.7901
3980 2.79727
3981 3.32354
3982 3.32161
3983 3.32861
3984 3.59599
3985 2.79671
3986 2.80224
3987 3.33086
3988 3.33545
3989 3.33545
3990 2.798
3991 4.13812
3992 4.1137
3993 4.10809
3994 4.14449
3995 4.26997
3996 3.20337
3997 4.29022
3998 3.19628
3999 4.27505
4000 3.21372
4001 4.12858
4002 4.12835
4003 4.13078
4004 4.12834
4005 4.13996
4006 4.13677
4007 3.18067
4008 4.24051
4009 3.20487
4010 3.20487
4011 4.1554
4012 4.1343
4013 4.14831
4014 4.80583
4015 2.93389
4016 2.92516
4017 4.74728
4018 5.48474
4019 4.73846
4020 2.80299
4021 4.13879
4022 4.1378
4023 4.1352
4024 2.9368
4025 4.73914
4026 3.00528
4027 3.00539
4028 2.99896
4029 2.99962
4030 2.99955
4031 2.99955
4032 2.99696
4033 2.99899
4034 2.99848
4035 3.00201
4036 3.14407
4037 3.28049
4038 3.26244
4039 3.12696
4040 3.13473
4041 3.2714
4042 3.13544
4043 3.13227
4044 3.26729
4045 3.13867
4046 2.99065
4047 3.00371
4048 2.99292
4049 3.8089
4050 3.40663
4051 3.39248
4052 3.00369
4053 3.00187
4054 3.00003
4055 3.40345
4056 2.9975
4057 2.99254
4058 3.47276
4059 3.13896
4060 2.99793
4061 3.3256
4062 3.34522
4063 3.33031
4064 3.33339
4065 3.33155
4066 3.33661
4067 2.39765
4068 3.46764
4069 2.39893
4070 2.39893
4071 5.41854
4072 5.38261
4073 5.45847
4074 5.39893
4075 3.33653
4076 2.59341
4077 2.6023
4078 2.60075
4079 3.33581
4080 2.99749
4081 4.20885
4082 2.7319
4083 2.74439
4084 2.73119
4085 2.72744
4086 2.73428
4087 2.7302
4088 2.73244
4089 2.73244
4090 2.73497
4091 2.72952
4092 2.732
4093 2.73277
4094 2.73463
4095 2.73678
4096 2.73678
4097 2.73345
4098 2.73345
4099 2.73227
4100 2.73227
4101 2.72467
4102 2.7308
4103 2.73181
4104 2.74048
4105 2.72699
4106 2.72699
4107 2.73017
4108 2.73017
4109 2.73255
4110 2.59244
4111 2.99941
4112 2.99941
4113 2.59944
4114 2.99802
4115 2.99981
4116 2.59827
4117 2.59867
4118 2.59468
4119 2.59891
4120 2.60594
4121 3.00686
4122 2.59454
4123 2.99355
4124 2.99355
4125 2.59771
4126 2.99773
4127 3.01125
4128 2.60751
4129 2.59486
4130 3.00004
4131 2.59604
4132 2.58631
4133 2.59792
4134 2.60694
4135 2.60144
4136 2.99866
4137 2.60146
4138 3.00393
4139 3.00393
4140 2.59858
4141 3.00193
4142 2.99764
4143 2.59969
4144 2.59706
4145 2.99471
4146 2.59352
4147 2.59352
4148 2.59642
4149 2.59437
4150 2.59558
4151 2.59902
4152 2.59902
4153 2.59796
4154 2.60156
4155 2.59599
4156 2.6113
4157 3.00058
4158 3.00058
4159 2.59951
4160 2.59951
4161 3.00245
4162 2.5962
4163 2.5962
4164 2.99724
4165 2.59426
4166 3.79173
4167 3.79855
4168 3.79192
4169 3.78983
4170 3.80618
4171 3.80888
4172 4.06633
4173 3.52681
4174 4.06797
4175 4.08731
4176 3.13234
4177 3.54292
4178 4.07547
4179 4.05858
4180 3.13317
4181 3.54317
4182 3.52249
4183 3.53722
4184 4.06638
4185 3.13453
4186 3.1343
4187 3.79648
4188 3.79036
4189 3.78343
4190 3.78668
4191 3.80645
4192 3.80191
4193 3.80954
4194 3.79544
4195 3.79723
4196 3.80759
4197 3.79389
4198 3.79992
4199 3.78876
4200 3.79584
4201 3.80084
4202 3.53385
4203 4.06343
4204 4.06408
4205 3.13054
4206 3.52905
4207 3.52737
4208 3.53599
4209 4.05433
4210 3.14403
4211 3.12553
4212 3.53576
4213 3.53572
4214 3.53572
4215 4.06463
4216 3.13745
4217 3.12923
4218 3.53983
4219 3.52488
4220 3.52979
4221 3.12579
4222 2.99961
4223 2.98997
4224 2.98997
4225 3.00722
4226 3.01045
4227 4.39625
4228 4.12925
4229 4.38947
4230 4.39324
4231 4.14125
4232 4.40735
4233 4.40735
4234 4.12216
4235 4.12285
4236 4.39389
4237 2.59488
4238 3.26092
4239 3.26691
4240 3.14062
4241 2.59316
4242 2.59575
4243 2.59575
4244 3.27429
4245 3.14436
4246 3.12619
4247 3.19516
4248 3.60482
4249 3.60482
4250 4.25989
4251 3.18893
4252 3.5882
4253 3.19666
4254 3.19739
4255 3.60472
4256 3.21162
4257 2.99208
4258 3.00565
4259 2.98907
4260 2.99971
4261 2.99971
4262 3.0025
4263 2.9921
4264 2.99556
4265 3.00388
4266 3.00388
4267 4.11626
4268 4.40106
4269 4.40445
4270 4.13827
4271 4.13641
4272 4.39297
4273 4.10956
4274 4.15025
4275 4.40062
4276 4.13285
4277 2.5972
4278 2.5972
4279 2.6034
4280 3.27193
4281 3.13443
4282 3.12346
4283 2.59966
4284 2.59966
4285 2.60082
4286 3.134
4287 3.19714
4288 3.19714
4289 3.60018
4290 3.20675
4291 3.20179
4292 2.79294
4293 2.79294
4294 2.80968
4295 2.79843
4296 2.79922
4297 2.79615
4298 2.79615
4299 2.79985
4300 2.80662
4301 2.79924
4302 2.80375
4303 2.79705
4304 2.79705
4305 2.79926
4306 2.79863
4307 2.7966
4308 2.80007
4309 2.7963
4310 2.7963
4311 2.79004
4312 2.79688
4313 2.53826
4314 3.06793
4315 3.06793
4316 2.79825
4317 3.05335
4318 2.53274
4319 2.53274
4320 2.53466
4321 2.53011
4322 3.0683
4323 2.80016
4324 3.06919
4325 2.80652
4326 3.06712
4327 2.80603
4328 2.53745
4329 2.53386
4330 2.52902
4331 2.53592
4332 3.06728
4333 2.79659
4334 3.06158
4335 2.79956
4336 3.06734
4337 2.79736
4338 2.53253
4339 2.53679
4340 2.53679
4341 2.5434
4342 2.53473
4343 2.52963
4344 2.79305
4345 3.06324
4346 2.80109
4347 2.79806
4348 4.18647
4349 4.2005
4350 4.20767
4351 4.20625
4352 4.20388
4353 4.41121
4354 2.99326
4355 4.39035
4356 4.39035
4357 2.99419
4358 4.3881
4359 4.3881
4360 2.99566
4361 3.0013
4362 4.40347
4363 4.20526
4364 4.2047
4365 4.20179
4366 4.20797
4367 4.19417
4368 4.21157
4369 4.1973
4370 4.21171
4371 4.20361
4372 4.20551
4373 2.99356
4374 4.40691
4375 4.39601
4376 2.99558
4377 3.00096
4378 4.40296
4379 3.00561
4380 3.00561
4381 4.40217
4382 3.00564
4383 3.19441
4384 3.20364
4385 3.20941
4386 3.20941
4387 4.27381
4388 3.20279
4389 4.27653
4390 3.20609
4391 4.26926
4392 3.20882
4393 3.13196
4394 3.61111
4395 3.59445
4396 3.12784
4397 3.12375
4398 3.59625
4399 2.60343
4400 3.26715
4401 3.59757
4402 2.59854
4403 3.19956
4404 3.19565
4405 3.18867
4406 3.1964
4407 3.20384
4408 3.19603
4409 3.20933
4410 4.27474
4411 3.19967
4412 3.19608
4413 3.1392
4414 3.14148
4415 3.59633
4416 3.12843
4417 2.59457
4418 2.73047
4419 2.7343
4420 2.73171
4421 2.73171
4422 2.7377
4423 2.73059
4424 2.73208
4425 2.73208
4426 2.73937
4427 2.73574
4428 2.73513
4429 2.73513
4430 2.72959
4431 2.73753
4432 2.73254
4433 2.80017
4434 3.0626
4435 3.06904
4436 2.80481
4437 2.80512
4438 2.80512
4439 2.81145
4440 3.06841
4441 2.79775
4442 2.80412
4443 2.80006
4444 2.78812
4445 2.80364
4446 3.07618
4447 2.80523
4448 2.79515
4449 2.79942
4450 2.80156
4451 2.80093
4452 2.80335
4453 3.80813
4454 3.80524
4455 3.7961
4456 3.80922
4457 4.07373
4458 3.13508
4459 4.06776
4460 3.13166
4461 4.07535
4462 3.13091
4463 3.79391
4464 3.80495
4465 3.79406
4466 3.80972
4467 3.79552
4468 3.78392
4469 3.1359
4470 4.06755
4471 3.13266
4472 3.14639
4473 3.33985
4474 3.33985
4475 3.34002
4476 3.87459
4477 2.93539
4478 2.93772
4479 3.39826
4480 3.86899
4481 3.41099
4482 2.80225
4483 3.33429
4484 3.32514
4485 3.33295
4486 2.93208
4487 3.40096
4488 4.20514
4489 4.19821
4490 4.20615
4491 4.17708
4492 4.19675
4493 4.19077
4494 4.19295
4495 4.17831
4496 4.20002
4497 4.19679
4498 3.33514
4499 4.39556
4500 4.39556
4501 3.33076
4502 3.32564
4503 4.40301
4504 3.33389
4505 3.33755
4506 4.40924
4507 3.32467
4508 2.99406
4509 2.99406
4510 2.99933
4511 4.8801
4512 4.72166
4513 4.73702
4514 3.01033
4515 3.01033
4516 2.99631
4517 4.74201
4518 2.39651
4519 2.40437
4520 3.19487
4521 3.19539
4522 2.3989
4523 4.19381
4524 4.19413
4525 4.20626
4526 4.20331
4527 4.19896
4528 4.19813
4529 3.01038
4530 4.85743
4531 2.99593
4532 3.00251
4533 5.40974
4534 5.41783
4535 6.19849
4536 5.39536
4537 3.13689
4538 2.59683
4539 2.59485
4540 2.58852
4541 4.12821
4542 3.00252
4543 3.32259
4544 3.79551
4545 3.79655
4546 3.7926
4547 3.79109
4548 3.80845
4549 3.80133
4550 3.81586
4551 3.79557
4552 3.79272
4553 3.79856
4554 3.80339
4555 3.79163
4556 3.80099
4557 3.80399
4558 3.79421
4559 3.80134
4560 3.80582
4561 3.80283
4562 3.81667
4563 3.80562
4564 3.80632
4565 2.99381
4566 4.41217
4567 4.38671
4568 4.11533
4569 4.39244
4570 2.99992
4571 2.99993
4572 2.99887
4573 2.99887
4574 4.39731
4575 4.12239
4576 4.39477
4577 4.11902
4578 4.40364
4579 4.13678
4580 2.99194
4581 3.00008
4582 3.00462
4583 3.00047
4584 4.38451
4585 4.12639
4586 4.38891
4587 4.14069
4588 4.40078
4589 4.13432
4590 3.00184
4591 3.00606
4592 3.00226
4593 3.0016
4594 3.00627
4595 3.00627
4596 4.1279
4597 4.40413
4598 4.11801
4599 4.13181
4600 3.53617
4601 3.53373
4602 3.53495
4603 3.54071
4604 3.54071
4605 4.07227
4606 3.14411
4607 4.06515
4608 4.06802
4609 3.12879
4610 4.05799
4611 4.06561
4612 3.13845
4613 3.1298
4614 4.06767
4615 3.5422
4616 3.5333
4617 3.5338
4618 3.53288
4619 3.5313
4620 3.52388
4621 3.52388
4622 3.52203
4623 3.53524
4624 3.53221
4625 3.14695
4626 4.07209
4627 4.06324
4628 3.13965
4629 3.12785
4630 4.05999
4631 3.1349
4632 3.13404
4633 4.05249
4634 3.12386
4635 2.59857
4636 2.59629
4637 2.59756
4638 2.60278
4639 3.60228
4640 3.19337
4641 3.59307
4642 3.19074
4643 3.60128
4644 3.20153
4645 3.13469
4646 3.2673
4647 3.26804
4648 3.13255
4649 3.1342
4650 3.26468
4651 3.20758
4652 3.59764
4653 4.2559
4654 3.20699
4655 2.59888
4656 2.59473
4657 2.59473
4658 2.59867
4659 2.602
4660 2.59225
4661 3.18885
4662 3.61285
4663 3.21765
4664 3.19916
4665 3.13741
4666 3.13561
4667 3.2659
4668 3.12238
4669 3.20279
4670 2.74042
4671 2.74042
4672 2.73772
4673 2.72406
4674 2.73345
4675 2.73345
4676 2.73172
4677 2.73205
4678 2.72825
4679 2.73497
4680 2.73497
4681 2.73682
4682 2.72758
4683 2.73219
4684 2.73219
4685 3.80145
4686 4.07098
4687 4.08023
4688 3.13359
4689 3.79427
4690 3.80036
4691 3.79514
4692 4.07316
4693 3.12694
4694 3.152
4695 3.79624
4696 3.8034
4697 3.81096
4698 4.07484
4699 3.12665
4700 3.12665
4701 3.81118
4702 3.80049
4703 3.79513
4704 3.13643
4705 4.19486
4706 4.19432
4707 4.19747
4708 4.20165
4709 4.41431
4710 3.33042
4711 4.3983
4712 3.33252
4713 4.40426
4714 3.32535
4715 4.19116
4716 4.1773
4717 4.19793
4718 4.20252
4719 4.20285
4720 4.20993
4721 3.33767
4722 4.39329
4723 3.32915
4724 3.33208
4725 4.19396
4726 4.21324
4727 4.19676
4728 4.87126
4729 2.99999
4730 3.00241
4731 5.41995
4732 6.20881
4733 5.405
4734 3.13597
4735 4.1961
4736 4.17537
4737 4.19312
4738 3.00122
4739 5.421
4740 2.80504
4741 2.79365
4742 2.79365
4743 2.80889
4744 2.8011
4745 2.7992
4746 2.7992
4747 2.79201
4748 2.81037
4749 2.79664
4750 2.79476
4751 3.06126
4752 3.07657
4753 2.80573
4754 2.80245
4755 3.06495
4756 2.79962
4757 2.79962
4758 3.06642
4759 2.79538
4760 3.33982
4761 3.32962
4762 3.32962
4763 3.86945
4764 3.40485
4765 3.3906
4766 3.34235
4767 3.34019
4768 3.33119
4769 3.40059
4770 2.9383
4771 2.93626
4772 3.86725
4773 2.79816
4774 2.93832
4775 2.99582
4776 2.99758
4777 2.99758
4778 2.99601
4779 2.99439
4780 2.99608
4781 2.3967
4782 3.20403
4783 2.4003
4784 2.40655
4785 4.73779
4786 4.73507
4787 4.8765
4788 4.7138
4789 3.19003
4790 2.60115
4791 2.59844
4792 2.60014
4793 3.00127
4794 3.32705
4795 4.149
4796 2.73703
4797 2.73377
4798 2.73539
4799 2.73539
4800 2.72984
4801 2.72458
4802 2.73076
4803 2.73076
4804 2.73098
4805 2.72659
4806 2.73987
4807 2.73987
4808 2.73762
4809 2.73217
4810 2.73076
4811 4.20145
4812 4.39492
4813 4.41359
4814 3.33075
4815 4.18727
4816 4.21615
4817 4.21953
4818 4.40505
4819 3.33585
4820 3.33385
4821 4.20843
4822 4.21083
4823 4.20223
4824 4.4039
4825 3.32933
4826 3.34195
4827 4.20012
4828 4.18737
4829 4.19778
4830 3.33119
4831 2.80066
4832 2.80066
4833 2.80078
4834 2.79898
4835 3.07615
4836 2.80743
4837 3.06846
4838 2.80652
4839 3.06771
4840 2.79759
4841 2.79698
4842 2.79698
4843 2.80168
4844 2.8019
4845 2.79838
4846 2.79444
4847 2.79627
4848 3.06455
4849 2.79425
4850 2.80062
4851 3.00366
4852 3.0029
4853 2.99899
4854 3.19874
4855 2.40413
4856 2.40256
4857 4.72265
4858 4.86208
4859 4.745
4860 3.2066
4861 2.9959
4862 3.00147
4863 3.00539
4864 2.40085
4865 4.74377
4866 3.80948
4867 3.79041
4868 3.80389
4869 3.80971
4870 3.80464
4871 3.79935
4872 3.79609
4873 3.7979
4874 3.80496
4875 3.80329
4876 3.13358
4877 4.06742
4878 4.06609
4879 3.13597
4880 3.11653
4881 4.05923
4882 3.1266
4883 3.13231
4884 4.04717
4885 3.13258
4886 4.21041
4887 4.20456
4888 4.2043
4889 6.19772
4890 5.39907
4891 5.4132
4892 4.19912
4893 4.20496
4894 4.2129
4895 5.40282
4896 2.99946
4897 2.99311
4898 4.85217
4899 3.1389
4900 2.99688
4901 3.31203
4902 3.33972
4903 3.34427
4904 3.30814
4905 3.30814
4906 3.33318
4907 2.94122
4908 3.86765
4909 2.93639
4910 2.93361
4911 3.39354
4912 3.39354
4913 3.86899
4914 3.3986
4915 2.79782
4916 2.60754
4917 2.60372
4918 2.60372
4919 3.31911
4920 4.12599
4921 3.00888
4922 2.74709
4923 2.73881
4924 2.72875
4925 2.72875
4926 2.73004
4927 2.73127
4928 2.72914
4929 2.72914
4930 2.73404
4931 2.72647
4932 2.599
4933 2.99952
4934 2.99952
4935 2.59634
4936 2.60388
4937 2.99818
4938 2.59406
4939 2.59639
4940 3.0015
4941 2.59416
4942 3.79996
4943 3.79557
4944 3.79874
4945 4.06496
4946 3.53797
4947 3.53591
4948 3.79936
4949 3.81195
4950 3.79549
4951 3.53263
4952 3.0087
4953 2.99139
4954 4.38954
4955 2.60108
4956 2.99553
4957 2.80129
4958 2.79162
4959 2.79162
4960 2.79288
4961 2.79347
4962 2.80286
4963 2.53254
4964 3.06632
4965 2.53299
4966 2.52952
4967 4.20744
4968 4.19942
4969 4.40979
4970 4.19262
4971 3.19401
4972 2.73216
4973 2.73216
4974 2.73377
4975 2.79809
4976 3.80853
4977 4.19648
4978 3.79088
4979 3.79846
4980 3.80485
4981 3.80853
4982 3.80142
4983 3.78695
4984 2.99563
4985 4.39731
4986 3.00222
4987 3.00285
4988 3.53268
4989 3.52839
4990 4.06973
4991 3.54067
4992 2.6022
4993 2.72988
4994 2.72936
4995 2.72738
4996 3.79536
4997 4.20303
4998 2.79061
4999 2.7363
5000 2.73734
5001 2.7307
5002 4.20163
5003 2.79857
5004 3.79759
5005 2.73861
