1 2.74
2 2.7407
3 2.7419
4 2.611
5 2.6032
6 2.6044
7 2.6116
8 2.6065
9 2.5978
10 2.7402
11 2.753
12 2.755
13 2.7271
14 3.8351
15 2.8578
16 3.7014
17 3.5638
18 3.6996
19 3.16
20 3.1332
21 2.8767
22 3.4834
23 3.759
24 2.8075
25 2.871
26 2.6817
27 2.5237
28 2.6822
29 2.4496
30 2.8092
31 2.5098
32 2.8813
33 2.8142
34 3.0127
35 4.1674
36 3.2928
37 4.0908
38 2.9606
39 3.3476
40 2.7752
41 3.8027
42 4.1528
43 2.8961
44 2.6033
45 2.8414
46 2.4691
47 3.1137
48 2.4743
49 3.1201
50 2.9891
51 3.1933
52 4.2059
53 2.8922
54 3.223
55 2.6702
56 3.7364
57 4.1964
58 3.207
59 3.15
60 2.7984
61 2.815
62 3.1501
63 3.3492
64 2.8776
65 3.1848
66 2.6592
67 3.6848
68 4.1867
69 2.6023
70 2.8606
71 2.8489
72 2.9913
73 2.5309
74 3.5131
75 3.3165
76 2.7223
77 2.7728
78 3.7301
79 2.8291
80 2.7533
81 2.6966
82 2.5478
83 2.8867
84 2.4787
85 2.8252
86 2.6968
87 2.8936
88 2.8498
89 2.5366
90 3.8243
91 4.2284
92 3.3268
93 2.981
94 2.9848
95 3.3148
96 4.1432
97 3.8044
98 4.228
99 2.788
100 3.6991
101 3.5389
102 2.8687
103 3.1311
104 3.1291
105 3.7036
106 3.5441
107 3.7352
108 2.8432
109 3.1634
110 2.8748
111 2.8337
112 3.208
113 4.0739
114 3.6527
115 4.1359
116 2.6695
117 2.5975
118 3.1482
119 2.8183
120 3.2008
121 3.1205
122 3.3705
123 2.8095
124 2.4478
125 3.1083
126 2.8534
127 3.1001
128 2.9881
129 2.4591
130 2.6042
131 2.8792
132 2.8621
133 3.0193
134 2.8827
135 3.1772
136 3.5081
137 3.2827
138 2.5299
139 3.647
140 4.1929
141 2.6769
142 3.7816
143 2.7441
144 2.788
145 2.7349
146 2.8609
147 2.5402
148 2.7939
149 2.471
150 2.6606
151 2.7889
152 2.6527
153 2.8546
154 2.5355
155 2.8676
156 3.8138
157 3.538
158 3.6592
159 3.1112
160 3.1314
161 2.8481
162 3.5228
163 3.659
164 2.6581
165 2.8668
166 2.6122
167 2.6636
168 3.0655
169 2.6008
170 3.0608
171 2.6601
172 3.3021
173 3.6377
174 2.9185
175 2.8988
176 2.6535
177 3.3201
178 3.6153
179 3.2724
180 3.4093
181 3.0861
182 3.0757
183 3.4202
184 3.3141
185 2.8568
186 2.8583
187 2.5983
188 3.2486
189 3.652
190 2.8186
191 3.0807
192 3.0701
193 2.9279
194 2.6775
195 3.4127
196 2.928
197 2.865
198 2.6742
199 3.3383
200 4.2281
201 3.8263
202 2.8196
203 3.3526
204 3.0168
205 4.1203
206 3.3563
207 4.1743
208 2.9953
209 3.6541
210 3.0051
211 3.2582
212 3.2718
213 4.7419
214 3.662
215 4.7362
216 3.0118
217 2.5514
218 3.3222
219 2.6709
220 3.5967
221 2.9323
222 3.6669
223 2.9215
224 2.3908
225 3.0138
226 2.9427
227 2.9489
228 3.0036
229 2.4075
230 2.469
231 3.1935
232 2.6721
233 3.2782
234 3.0149
235 3.1864
236 3.3076
237 3.2438
238 2.3968
239 3.5592
240 4.7582
241 2.9295
242 3.6819
243 2.5339
244 2.9947
245 4.2185
246 2.876
247 3.6834
248 2.9756
249 4.6909
250 3.251
251 4.6912
252 3.2528
253 3.5346
254 5.4056
255 3.3738
256 4.7749
257 3.4033
258 5.4138
259 4.7396
260 3.3154
261 3.3642
262 3.1065
263 3.0855
264 3.4471
265 3.2919
266 3.1401
267 4.1861
268 3.0503
269 4.7194
270 4.6584
271 3.1587
272 3.3985
273 3.4221
274 2.9652
275 3.335
276 5.3379
277 3.6124
278 3.5455
279 2.8524
280 4.1664
281 2.6086
282 3.7008
283 2.686
284 4.1717
285 2.8884
286 4.1688
287 3.226
288 2.4461
289 2.9969
290 3.1242
291 2.871
292 3.1242
293 2.4408
294 2.4682
295 3.6737
296 2.605
297 3.669
298 3.2722
299 3.3255
300 3.2563
301 3.3137
302 2.4007
303 3.6462
304 5.3479
305 3.315
306 3.6433
307 2.4594
308 3.3377
309 3.3071
310 3.1121
311 2.801
312 2.7812
313 3.1286
314 3.1811
315 3.131
316 4.1075
317 3.0705
318 4.7163
319 4.6853
320 2.8201
321 3.086
322 3.0928
323 2.9556
324 2.9366
325 4.7638
326 3.6251
327 3.1241
328 2.8104
329 4.1389
330 3.0192
331 2.6415
332 2.6801
333 3.0036
334 3.2593
335 3.1178
336 3.3904
337 3.3999
338 2.9875
339 2.9307
340 3.3907
341 2.6686
342 3.1493
343 2.6664
344 3.0151
345 2.5976
346 2.8639
347 2.8755
348 2.9973
349 2.6707
350 4.2176
351 3.6769
352 2.8524
353 2.8341
354 4.1651
355 3.3411
356 3.5367
357 2.5326
358 3.5352
359 2.7995
360 2.792
361 3.8204
362 2.5259
363 3.8062
364 2.722
365 3.8334
366 2.7965
367 3.3663
368 2.9729
369 4.2374
370 3.3573
371 4.1809
372 3.02
373 4.25
374 2.8097
375 3.8192
376 2.7378
377 3.509
378 2.8407
379 3.6425
380 3.0792
381 3.639
382 3.1181
383 3.7687
384 2.8603
385 3.5095
386 2.5437
387 2.8762
388 2.6743
389 2.8101
390 2.6724
391 2.4768
392 2.7883
393 2.5443
394 2.8809
395 2.6137
396 3.2085
397 2.8187
398 3.2123
399 3.1352
400 3.3466
401 2.7992
402 3.1215
403 2.8952
404 3.1433
405 2.8918
406 2.4646
407 3.0061
408 2.4689
409 3.1301
410 3.1883
411 4.1252
412 2.8738
413 4.1331
414 2.6586
415 3.6931
416 3.1941
417 2.5779
418 3.328
419 2.5136
420 3.5281
421 2.8495
422 4.1612
423 2.6703
424 3.6178
425 2.9756
426 2.8635
427 2.8294
428 2.7784
429 3.7617
430 2.6897
431 2.7127
432 3.5139
433 2.8659
434 3.7945
435 3.1373
436 3.6539
437 3.1451
438 3.6591
439 2.8815
440 3.5043
441 2.8005
442 4.1811
443 3.7859
444 4.1111
445 3.3153
446 2.9943
447 2.9775
448 3.3461
449 4.2172
450 2.8943
451 3.5542
452 3.1002
453 3.3422
454 3.4326
455 3.2694
456 3.0552
457 3.3893
458 4.1909
459 4.7111
460 3.6711
461 2.9564
462 3.2716
463 3.2883
464 4.7621
465 4.7434
466 5.3651
467 3.4032
468 4.698
469 3.3893
470 5.3619
471 4.1267
472 3.1287
473 3.6579
474 3.3301
475 5.3964
476 3.0961
477 4.7195
478 3.0212
479 4.7032
480 2.9841
481 3.3574
482 3.3624
483 2.8674
484 4.2104
485 3.5123
486 2.7822
487 2.8481
488 2.5261
489 2.7832
490 2.451
491 2.6584
492 2.5148
493 2.6574
494 2.8557
495 2.8578
496 3.3242
497 3.0911
498 3.3077
499 3.419
500 3.3831
501 3.0747
502 3.4416
503 2.6883
504 3.0699
505 2.5828
506 2.6756
507 2.6582
508 2.6038
509 3.0473
510 2.9206
511 3.6262
512 2.8969
513 3.5613
514 2.6351
515 3.3033
516 2.862
517 2.8086
518 2.9222
519 2.6856
520 3.4024
521 2.8495
522 3.6319
523 2.5796
524 3.2686
525 2.9128
526 3.0422
527 3.0632
528 2.6536
529 3.3586
530 2.859
531 2.9618
532 2.5102
533 2.9024
534 2.3866
535 2.9614
536 2.388
537 2.8958
538 2.9876
539 3.7011
540 4.7751
541 3.2922
542 3.2629
543 3.0281
544 3.646
545 4.7084
546 3.5761
547 3.3069
548 2.6657
549 2.9079
550 2.9574
551 3.7
552 3.2119
553 3.2084
554 2.9548
555 3.6286
556 4.7708
557 2.4687
558 3.0132
559 2.6874
560 3.2805
561 2.3913
562 3.3392
563 3.2658
564 2.5473
565 2.9723
566 3.6656
567 2.5794
568 3.1137
569 2.4395
570 3.0058
571 2.4764
572 2.8558
573 3.1224
574 2.8173
575 3.3552
576 3.1489
577 3.2261
578 2.8061
579 3.1324
580 2.666
581 3.1366
582 2.6761
583 2.9411
584 3.4022
585 2.9969
586 3.2801
587 2.6845
588 3.0087
589 3.0334
590 3.437
591 3.4306
592 2.7013
593 2.9838
594 3.152
595 4.1197
596 3.6462
597 2.669
598 3.1804
599 2.8507
600 4.123
601 3.6636
602 3.3101
603 3.3245
604 3.6489
605 5.3863
606 2.4828
607 3.2763
608 2.61
609 3.6718
610 2.4195
611 3.3071
612 3.2992
613 2.4521
614 3.3024
615 3.6435
616 4.1491
617 2.7936
618 3.6124
619 2.9402
620 4.725
621 3.1404
622 4.7548
623 3.083
624 4.7192
625 2.9631
626 3.095
627 3.0855
628 2.8164
629 4.1469
630 3.1363
631 2.6254
632 3.6544
633 2.6777
634 4.1878
635 2.5278
636 3.3379
637 3.5345
638 2.5395
639 3.7934
640 3.8248
641 2.9877
642 2.863
643 2.8628
644 2.8639
645 4.1789
646 2.8558
647 2.8102
648 2.8056
649 3.5332
650 2.7272
651 2.7333
652 3.795
653 2.8186
654 4.2197
655 3.0108
656 4.1538
657 3.331
658 4.2214
659 2.9968
660 3.3322
661 2.5298
662 2.8108
663 2.8703
664 2.6844
665 2.8004
666 2.465
667 2.8574
668 2.535
669 2.6868
670 2.5388
671 3.6856
672 2.6678
673 3.6188
674 3.3457
675 3.6448
676 2.9179
677 2.922
678 2.9948
679 2.9965
680 2.9275
681 2.3894
682 3.0077
683 2.4125
684 2.9403
685 3.2859
686 4.7413
687 3.2731
688 4.7387
689 2.9867
690 3.6894
691 3.2276
692 2.4504
693 3.2853
694 2.3876
695 3.3491
696 3.2048
697 4.7194
698 2.9441
699 3.5702
700 3.2755
701 3.0151
702 2.665
703 2.9764
704 3.648
705 2.5172
706 3.7882
707 3.5388
708 2.8736
709 3.1408
710 3.1247
711 3.6549
712 3.5223
713 3.6571
714 2.8546
715 3.5254
716 4.2073
717 3.3947
718 4.7181
719 5.4318
720 5.3909
721 4.7603
722 3.4223
723 2.8475
724 3.3877
725 3.0382
726 3.3286
727 3.4038
728 3.268
729 3.0769
730 3.0041
731 4.7077
732 3.6482
733 4.7066
734 3.2526
735 3.3162
736 3.1295
737 3.1177
738 3.3923
739 2.9726
740 3.395
741 4.1232
742 5.2838
743 3.5727
744 3.3254
745 4.6566
746 4.706
747 3.0794
748 4.2229
749 3.5163
750 2.8829
751 3.3621
752 2.6719
753 2.9545
754 2.9307
755 3.6423
756 3.3202
757 3.576
758 2.6545
759 2.8645
760 3.3803
761 3.0495
762 3.211
763 3.4028
764 3.2715
765 3.0579
766 2.69
767 3.0934
768 2.5958
769 3.0626
770 2.6538
771 2.5916
772 2.7987
773 2.8588
774 3.0927
775 2.9579
776 3.0925
777 2.8645
778 3.3907
779 2.9199
780 2.6623
781 3.2444
782 3.6571
783 2.5989
784 3.3261
785 2.8658
786 2.6806
787 2.602
788 3.1489
789 2.8113
790 3.3432
791 3.1531
792 3.2117
793 2.8095
794 2.6823
795 4.1363
796 3.6465
797 4.1175
798 3.1835
799 2.8538
800 2.8054
801 3.1319
802 3.0962
803 2.9556
804 3.0941
805 4.125
806 4.722
807 3.5933
808 2.9237
809 4.7371
810 4.7074
811 3.0659
812 4.1393
813 3.1528
814 2.7998
815 3.0268
816 3.1537
817 2.4747
818 3.1526
819 2.4644
820 2.891
821 3.1433
822 2.9939
823 3.4118
824 3.0066
825 3.4004
826 2.6711
827 3.414
828 2.6838
829 2.9394
830 3.0051
831 3.2509
832 2.6702
833 3.0023
834 3.1585
835 2.6674
836 3.3457
837 2.4678
838 3.3057
839 2.3947
840 3.2524
841 3.6517
842 5.3694
843 3.3235
844 3.6769
845 3.6467
846 3.248
847 2.6067
848 3.3085
849 3.6803
850 2.4807
851 2.5883
852 3.5114
853 2.5101
854 3.3194
855 2.8481
856 2.9928
857 2.8652
858 2.8393
859 3.5439
860 2.8467
861 4.1766
862 3.6563
863 2.6552
864 3.8069
865 3.8151
866 2.5418
867 4.1633
868 2.8601
869 2.8643
870 2.7183
871 2.7518
872 2.7331
873 2.7263
874 2.5999
875 2.5881
876 2.6041
877 2.5824
878 2.5953
879 2.6121
880 2.7321
881 3.7792
882 2.857
883 3.6442
884 3.5221
885 3.6484
886 3.126
887 3.1179
888 2.8239
889 2.892
890 2.6922
891 2.5544
892 2.6848
893 2.485
894 2.8318
895 3.0044
896 4.1896
897 3.3215
898 4.1269
899 2.9984
900 3.3235
901 2.8738
902 2.5998
903 2.8807
904 2.4664
905 3.133
906 3.1961
907 4.141
908 2.8698
909 3.1947
910 3.2459
911 3.1767
912 2.8226
913 2.8892
914 3.2089
915 2.6041
916 2.8202
917 2.7614
918 2.6567
919 2.5407
920 2.8524
921 2.4807
922 2.7811
923 2.6559
924 3.8412
925 4.2373
926 3.3297
927 2.9817
928 3.0009
929 3.3285
930 4.1443
931 3.6742
932 3.523
933 2.8692
934 3.1468
935 3.1361
936 3.675
937 3.2143
938 2.8621
939 2.8729
940 3.1925
941 4.1323
942 2.612
943 3.1447
944 2.8041
945 3.2043
946 2.4829
947 3.1101
948 2.849
949 2.5929
950 2.8858
951 3.183
952 2.7455
953 2.8671
954 2.534
955 2.8211
956 2.4696
957 2.6896
958 2.8204
959 2.8717
960 3.8012
961 3.5465
962 3.6547
963 3.1361
964 3.1365
965 2.6624
966 2.8734
967 2.5888
968 2.6873
969 3.0921
970 3.403
971 3.7492
972 2.9889
973 2.9749
974 3.3375
975 3.4048
976 3.065
977 2.8735
978 2.8634
979 2.8043
980 4.191
981 3.7919
982 2.7976
983 3.3408
984 2.9894
985 4.125
986 3.6606
987 2.9917
988 3.2731
989 3.2466
990 4.6711
991 2.5258
992 3.2887
993 2.6483
994 3.5523
995 2.3929
996 2.9978
997 2.9279
998 2.4711
999 3.1856
1000 3.2176
1001 4.1752
1002 2.8555
1003 3.6421
1004 3.0213
1005 4.7073
1006 3.5513
1007 5.3904
1008 3.4204
1009 4.7225
1010 3.3503
1011 3.4104
1012 3.0478
1013 3.1656
1014 4.1546
1015 3.1191
1016 2.5947
1017 3.6873
1018 2.6843
1019 4.1517
1020 2.4821
1021 3.0122
1022 3.1416
1023 2.4909
1024 3.6628
1025 3.3958
1026 3.2973
1027 3.1261
1028 2.8232
1029 3.1046
1030 4.1101
1031 2.8215
1032 3.0107
1033 2.6783
1034 3.1486
1035 2.6145
1036 3.7533
1037 2.7893
1038 3.2999
1039 2.999
1040 4.2596
1041 3.351
1042 4.1902
1043 3.029
1044 2.7627
1045 3.5912
1046 2.8576
1047 3.682
1048 3.1317
1049 3.6802
1050 3.1184
1051 2.5268
1052 2.8718
1053 2.678
1054 2.8118
1055 2.6746
1056 2.4718
1057 2.6005
1058 3.215
1059 2.8204
1060 3.1844
1061 3.1207
1062 2.8593
1063 3.134
1064 2.8571
1065 2.4527
1066 3.2248
1067 4.1192
1068 2.8605
1069 3.1938
1070 2.6031
1071 2.8597
1072 2.7283
1073 3.5306
1074 2.8625
1075 3.9021
1076 3.1579
1077 3.7633
1078 3.2209
1079 2.8238
1080 4.1676
1081 3.7901
1082 4.1189
1083 3.3133
1084 3.0068
1085 2.8589
1086 3.5164
1087 3.0783
1088 3.3193
1089 3.4181
1090 4.1868
1091 4.7167
1092 3.6556
1093 2.9837
1094 4.7213
1095 5.3766
1096 3.3966
1097 4.1196
1098 3.1371
1099 3.1266
1100 2.8222
1101 2.8836
1102 2.5295
1103 2.7987
1104 2.4555
1105 2.6657
1106 2.859
1107 3.3274
1108 3.0698
1109 3.2652
1110 3.4155
1111 2.6608
1112 3.0717
1113 2.5935
1114 2.6822
1115 2.9257
1116 3.6563
1117 2.9261
1118 2.8326
1119 2.7698
1120 2.8607
1121 3.0126
1122 2.5459
1123 2.8925
1124 2.4
1125 2.974
1126 3.6391
1127 4.6813
1128 3.2529
1129 3.2333
1130 3.5674
1131 3.3427
1132 2.6586
1133 3.2059
1134 3.1736
1135 2.4669
1136 2.5994
1137 3.1219
1138 2.4658
1139 2.9789
1140 2.7955
1141 3.3273
1142 3.1201
1143 2.6601
1144 3.1079
1145 2.9847
1146 4.1034
1147 3.6391
1148 2.6572
1149 3.6399
1150 3.3242
1151 2.4567
1152 4.0785
1153 2.7851
1154 3.104
1155 2.5797
1156 2.7515
1157 3.7996
1158 2.8044
1159 4.1816
1160 2.9984
1161 4.1618
1162 3.3414
1163 2.5452
1164 2.8158
1165 2.8886
1166 2.6768
1167 2.8212
1168 2.463
1169 2.5408
1170 3.7016
1171 2.6648
1172 3.6336
1173 3.3532
1174 3.0178
1175 2.9841
1176 2.9227
1177 2.4106
1178 3.2349
1179 4.7777
1180 3.3074
1181 3.1637
1182 2.4584
1183 3.1938
1184 3.8528
1185 3.581
1186 2.8774
1187 3.1622
1188 3.1636
1189 3.723
1190 3.5004
1191 4.1724
1192 3.361
1193 4.6761
1194 5.3605
1195 2.8432
1196 3.4182
1197 3.0592
1198 3.3604
1199 2.9918
1200 4.6976
1201 3.65
1202 3.1476
1203 3.1443
1204 4.1748
1205 3.3506
1206 2.6779
1207 2.9451
1208 2.961
1209 3.6543
1210 2.8567
1211 3.3722
1212 3.0517
1213 3.2527
1214 2.6535
1215 3.0654
1216 2.6075
1217 2.8214
1218 2.8885
1219 2.8651
1220 2.5971
1221 3.1408
1222 2.7891
1223 3.2982
1224 2.6413
1225 4.1216
1226 3.6502
1227 2.7764
1228 3.0938
1229 4.1168
1230 3.0015
1231 3.1311
1232 2.4654
1233 3.1379
1234 3.0098
1235 2.6695
1236 3.3312
1237 2.4666
1238 3.7294
1239 2.5855
1240 2.7329
1241 2.7263
1242 2.7437
1243 2.5823
1244 2.6105
1245 2.5989
1246 2.7457
1247 3.8158
1248 2.8679
1249 3.6837
1250 3.5456
1251 2.8128
1252 2.8764
1253 2.6765
1254 2.5545
1255 2.9961
1256 4.2138
1257 3.3518
1258 2.8572
1259 2.6072
1260 3.1696
1261 2.8007
1262 2.7289
1263 2.6665
1264 2.5303
1265 2.8546
1266 3.8576
1267 4.2706
1268 3.3339
1269 2.9965
1270 3.6678
1271 3.5384
1272 2.8692
1273 3.1987
1274 2.8613
1275 2.5841
1276 2.7269
1277 2.8575
1278 2.5329
1279 2.7911
1280 2.8539
1281 3.8026
1282 3.5582
1283 2.6608
1284 2.8636
1285 3.3529
1286 4.2231
1287 3.826
1288 2.804
1289 3.6837
1290 3.0088
1291 2.5489
1292 4.1866
1293 2.8615
1294 3.5536
1295 2.5968
1296 3.7721
1297 2.807
1298 3.3278
1299 3.001
1300 4.1811
1301 2.7542
1302 3.5422
1303 2.8828
1304 3.6558
1305 2.5181
1306 2.849
1307 2.6547
1308 2.591
1309 3.1835
1310 2.8624
1311 2.7172
1312 3.5384
1313 2.8672
1314 3.8043
1315 2.8133
1316 4.1767
1317 3.7817
1318 2.8899
1319 3.5198
1320 4.2303
1321 2.7727
1322 2.846
1323 2.5138
1324 2.8507
1325 3.3073
1326 2.6847
1327 3.0104
1328 2.5338
1329 3.699
1330 2.6062
1331 2.7299
1332 3.7567
1333 2.8089
1334 4.2024
1335 2.5369
1336 2.8003
1337 2.8678
1338 2.5307
1339 3.671
1340 2.9926
1341 3.8138
1342 3.5927
1343 2.8888
1344 3.5901
1345 4.2066
1346 2.8982
1347 3.3799
1348 2.676
1349 2.8744
1350 2.595
1351 2.7375
1352 2.7348
1353 2.7368
1354 2.7213
1355 3.7977
1356 2.7837
1357 2.8371
1358 2.7612
1359 3.8028
1360 2.7533
1361 3.8494
1362 2.8171
1363 2.7464
1364 2.7429
1365 2.7362
