1 4.2531
2 4.26514
3 4.25297
4 4.16737
5 4.15543
6 4.15803
7 4.17601
8 4.16915
9 4.17985
10 4.27284
11 4.2471
12 4.24142
13 4.19698
14 4.88054
15 4.28538
16 4.84784
17 4.93835
18 4.94364
19 4.60696
20 4.42224
21 4.39844
22 4.65457
23 5.12305
24 4.32866
25 4.37442
26 4.22705
27 4.10071
28 4.2185
29 4.05432
30 4.33901
31 4.11491
32 4.38942
33 4.26935
34 4.49924
35 5.37921
36 4.58245
37 5.27196
38 4.38257
39 4.78389
40 4.27631
41 5.11747
42 5.2039
43 4.38155
44 4.1263
45 4.33681
46 4.02946
47 4.58264
48 4.05828
49 4.60959
50 4.38234
51 4.55392
52 5.34438
53 4.3321
54 4.6008
55 4.19557
56 4.92519
57 5.26765
58 4.59749
59 4.60537
60 4.21308
61 4.34407
62 4.40663
63 4.76167
64 4.36078
65 4.57846
66 4.21854
67 4.87548
68 5.39379
69 4.12323
70 4.3762
71 4.26912
72 4.51625
73 4.08221
74 4.90874
75 4.57682
76 4.23673
77 4.34127
78 4.87347
79 4.34169
80 4.21625
81 4.22453
82 4.07988
83 4.36071
84 4.06111
85 4.3326
86 4.20657
87 4.38262
88 4.28155
89 4.11089
90 4.89454
91 5.35793
92 4.5788
93 4.53268
94 4.37559
95 4.76062
96 5.2648
97 5.10593
98 5.19465
99 4.27005
100 4.84778
101 4.9108
102 4.28239
103 4.6268
104 4.42338
105 4.94455
106 4.66037
107 5.09733
108 4.40734
109 4.54259
110 4.36955
111 4.32955
112 4.60172
113 5.325
114 4.94497
115 5.22621
116 4.20618
117 4.10544
118 4.60467
119 4.21584
120 4.60981
121 4.42211
122 4.75094
123 4.31903
124 4.04853
125 4.60745
126 4.32361
127 4.60889
128 4.3864
129 4.05015
130 4.13766
131 4.35914
132 4.27434
133 4.49933
134 4.37665
135 4.54938
136 4.9417
137 4.56973
138 4.0792
139 4.86004
140 5.37484
141 4.22463
142 4.88029
143 4.21854
144 4.3219
145 4.26262
146 4.40825
147 4.1044
148 4.27093
149 4.06136
150 4.18479
151 4.33095
152 4.2296
153 4.36118
154 4.07922
155 4.38957
156 5.11948
157 4.63687
158 4.95705
159 4.41353
160 4.60447
161 4.26794
162 4.90919
163 4.87499
164 4.22544
165 4.26358
166 4.14664
167 4.17514
168 4.57303
169 4.165
170 4.5629
171 4.1511
172 4.57982
173 5.01653
174 4.31873
175 4.42096
176 4.16653
177 4.71622
178 4.88314
179 4.60664
180 4.85872
181 4.36295
182 4.55543
183 4.53503
184 4.74153
185 4.31923
186 4.33584
187 4.15173
188 4.59991
189 5.00464
190 4.21969
191 4.56676
192 4.37294
193 4.43122
194 4.15969
195 4.83039
196 4.33246
197 4.27266
198 4.23328
199 4.55792
200 5.21404
201 5.10292
202 4.25706
203 4.75523
204 4.38456
205 5.2298
206 4.58513
207 5.40487
208 4.5094
209 4.84466
210 4.51517
211 4.59804
212 4.7107
213 5.74752
214 4.98078
215 5.66056
216 4.44977
217 4.0784
218 4.72174
219 4.15824
220 4.90455
221 4.31709
222 5.00314
223 4.4143
224 4.01804
225 4.42573
226 4.42371
227 4.41271
228 4.43538
229 4.00593
230 4.04578
231 4.61544
232 4.16032
233 4.68065
234 4.42175
235 4.62215
236 4.72625
237 4.59644
238 3.99011
239 4.89172
240 5.73431
241 4.45662
242 4.8637
243 4.10188
244 4.52117
245 5.39373
246 4.37025
247 5.00395
248 4.44956
249 5.664
250 4.6166
251 5.75416
252 4.69887
253 4.91082
254 6.22896
255 4.82126
256 5.74593
257 4.84476
258 6.20178
259 5.74837
260 4.72398
261 4.5623
262 4.54952
263 4.34271
264 4.84589
265 4.60769
266 4.60401
267 5.32719
268 4.53932
269 5.74381
270 5.65239
271 4.58445
272 4.55035
273 4.83555
274 4.45449
275 4.70988
276 6.20447
277 5.01481
278 4.92706
279 4.38505
280 5.37598
281 4.17573
282 4.95748
283 4.21006
284 5.27198
285 4.34278
286 5.35127
287 4.60889
288 4.03765
289 4.39252
290 4.6177
291 4.33697
292 4.58413
293 4.03499
294 4.0595
295 4.95086
296 4.13818
297 5.00395
298 4.61147
299 4.74863
300 4.61497
301 4.69471
302 3.99301
303 5.01122
304 6.21216
305 4.72095
306 4.95088
307 4.05245
308 4.77069
309 4.77201
310 4.41992
311 4.34708
312 4.2146
313 4.58978
314 4.60195
315 4.60745
316 5.25753
317 4.54821
318 5.67054
319 5.75801
320 4.34129
321 4.36572
322 4.55329
323 4.42604
324 4.43176
325 5.76422
326 4.89149
327 4.60486
328 4.33732
329 5.25247
330 4.37911
331 4.20578
332 4.1678
333 4.43766
334 4.71493
335 4.41653
336 4.82199
337 4.53939
338 4.46013
339 4.30948
340 4.83404
341 4.1593
342 4.43651
343 4.19781
344 4.3761
345 4.18056
346 4.26972
347 4.37292
348 4.49822
349 4.20635
350 5.38795
351 4.85015
352 4.39933
353 4.39049
354 5.18783
355 4.5941
356 4.93838
357 4.10085
358 4.64868
359 4.2804
360 4.29478
361 5.1214
362 4.11202
363 5.11849
364 4.24769
365 4.87906
366 4.32459
367 4.57539
368 4.51479
369 5.38502
370 4.76719
371 5.24032
372 4.38492
373 5.20432
374 4.28025
375 5.10992
376 4.22766
377 4.9317
378 4.27395
379 4.85849
380 4.4134
381 4.95096
382 4.61259
383 5.10285
384 4.38176
385 4.6398
386 4.10459
387 4.36832
388 4.2082
389 4.3455
390 4.20098
391 4.04499
392 4.27794
393 4.12428
394 4.41522
395 4.11358
396 4.55251
397 4.20775
398 4.60892
399 4.59367
400 4.78285
401 4.3433
402 4.40874
403 4.36811
404 4.58233
405 4.33058
406 4.03597
407 4.37221
408 4.0604
409 4.62356
410 4.61774
411 5.32347
412 4.32873
413 5.2306
414 4.2004
415 4.94934
416 4.55466
417 4.10831
418 4.6006
419 4.11041
420 4.9166
421 4.38474
422 5.39161
423 4.21872
424 4.8764
425 4.51163
426 4.37182
427 4.27383
428 4.33685
429 4.88726
430 4.19731
431 4.26153
432 4.65287
433 4.39501
434 5.11847
435 4.61617
436 4.92689
437 4.4077
438 4.8563
439 4.25984
440 4.93632
441 4.27108
442 5.21361
443 5.11001
444 5.2731
445 4.75891
446 4.36536
447 4.51867
448 4.57115
449 5.38332
450 4.39487
451 4.92338
452 4.55259
453 4.71693
454 4.54183
455 4.60296
456 4.38246
457 4.84548
458 5.38748
459 5.66373
460 4.99661
461 4.44432
462 4.69905
463 4.59703
464 5.7553
465 5.77021
466 6.22457
467 4.83299
468 5.72374
469 4.82411
470 6.20908
471 5.32227
472 4.59202
473 4.99805
474 4.73511
475 6.18548
476 4.59298
477 5.62667
478 4.56057
479 5.76407
480 4.45505
481 4.54621
482 4.81553
483 4.36382
484 5.38287
485 4.93663
486 4.28943
487 4.38056
488 4.11049
489 4.32481
490 4.02752
491 4.21307
492 4.08667
493 4.22786
494 4.37794
495 4.27988
496 4.59181
497 4.36439
498 4.59413
499 4.83874
500 4.73722
501 4.54339
502 4.55077
503 4.21967
504 4.55157
505 4.15402
506 4.15437
507 4.15726
508 4.14719
509 4.54799
510 4.41352
511 5.00515
512 4.32808
513 4.90125
514 4.16911
515 4.72099
516 4.3402
517 4.21791
518 4.32432
519 4.15427
520 4.84084
521 4.33566
522 4.98665
523 4.13098
524 4.60103
525 4.41873
526 4.54255
527 4.35783
528 4.20151
529 4.58191
530 4.27905
531 4.50435
532 4.09008
533 4.42802
534 4.00492
535 4.43746
536 4.00986
537 4.41217
538 4.45209
539 4.86097
540 5.74264
541 4.58068
542 4.71064
543 4.43856
544 5.00489
545 5.66427
546 4.87551
547 4.72598
548 4.15774
549 4.42776
550 4.30883
551 5.01019
552 4.60142
553 4.59334
554 4.43232
555 4.88333
556 5.73228
557 4.03964
558 4.44382
559 4.15776
560 4.69402
561 4.00137
562 4.732
563 4.61706
564 4.09461
565 4.48148
566 4.85221
567 4.15662
568 4.60416
569 4.05522
570 4.37085
571 4.02999
572 4.3232
573 4.57842
574 4.34553
575 4.76703
576 4.42209
577 4.62096
578 4.22711
579 4.58649
580 4.21117
581 4.4135
582 4.16632
583 4.31095
584 4.83591
585 4.40566
586 4.70047
587 4.17676
588 4.44546
589 4.44243
590 4.83874
591 4.54276
592 4.1882
593 4.38503
594 4.41698
595 5.26787
596 4.94201
597 4.20841
598 4.59236
599 4.33639
600 5.31818
601 4.94609
602 4.76401
603 4.73318
604 4.99151
605 6.20325
606 4.07962
607 4.61109
608 4.14934
609 5.00196
610 4.01275
611 4.60229
612 4.71208
613 4.04311
614 4.73681
615 4.94171
616 5.23259
617 4.33307
618 4.88707
619 4.43297
620 5.73567
621 4.60993
622 5.74856
623 4.54963
624 5.66066
625 4.42889
626 4.35613
627 4.55096
628 4.34852
629 5.25264
630 4.62315
631 4.19604
632 4.85094
633 4.22283
634 5.38074
635 4.10281
636 4.57948
637 4.91053
638 4.10787
639 5.12529
640 5.12205
641 4.50826
642 4.27831
643 4.38559
644 4.38696
645 5.18538
646 4.41109
647 4.26487
648 4.2772
649 4.64981
650 4.23965
651 4.25311
652 5.10937
653 4.27174
654 5.20323
655 4.37688
656 5.26675
657 4.77268
658 5.36868
659 4.48838
660 4.56732
661 4.11071
662 4.27014
663 4.36393
664 4.23234
665 4.34154
666 4.04255
667 4.36268
668 4.11323
669 4.23901
670 4.08445
671 4.86629
672 4.17055
673 4.86153
674 4.72547
675 4.98527
676 4.43117
677 4.32362
678 4.49566
679 4.47036
680 4.40967
681 4.00063
682 4.44314
683 4.0018
684 4.43129
685 4.67836
686 5.75197
687 4.6049
688 5.65103
689 4.44585
690 4.99436
691 4.61414
692 4.06998
693 4.60613
694 3.99142
695 4.69879
696 4.61421
697 5.76508
698 4.40375
699 4.87448
700 4.70145
701 4.43376
702 4.1687
703 4.49941
704 4.87805
705 4.10202
706 5.11128
707 4.64689
708 4.37875
709 4.41715
710 4.60697
711 4.93417
712 4.91674
713 4.87619
714 4.2675
715 4.9642
716 5.3744
717 4.84348
718 5.75363
719 6.20092
720 6.20811
721 5.74008
722 4.83643
723 4.37515
724 4.55895
725 4.55399
726 4.70408
727 4.83633
728 4.64115
729 4.35315
730 4.44596
731 5.64018
732 4.98932
733 5.7472
734 4.71772
735 4.59117
736 4.58684
737 4.59237
738 4.81704
739 4.44011
740 4.54419
741 5.34743
742 6.21437
743 4.99321
744 4.73054
745 5.7606
746 5.64759
747 4.55674
748 5.371
749 4.93704
750 4.3624
751 4.56878
752 4.21368
753 4.33239
754 4.43045
755 5.00117
756 4.72515
757 4.8826
758 4.157
759 4.27889
760 4.84302
761 4.37855
762 4.6213
763 4.55649
764 4.7295
765 4.5564
766 4.16293
767 4.55871
768 4.15167
769 4.54396
770 4.16621
771 4.14565
772 4.19824
773 4.32914
774 4.35828
775 4.41428
776 4.56741
777 4.34344
778 4.83939
779 4.31709
780 4.16058
781 4.61081
782 5.02492
783 4.14154
784 4.57795
785 4.27457
786 4.22254
787 4.16289
788 4.41184
789 4.31254
790 4.76569
791 4.58157
792 4.60638
793 4.22342
794 4.20989
795 5.24739
796 4.95256
797 5.3299
798 4.61007
799 4.33548
800 4.32858
801 4.62426
802 4.54606
803 4.42134
804 4.35737
805 5.25822
806 5.76518
807 4.87992
808 4.42583
809 5.64072
810 5.7613
811 4.55973
812 5.24338
813 4.60426
814 4.33549
815 4.38978
816 4.60871
817 4.06676
818 4.58597
819 4.02635
820 4.34011
821 4.41416
822 4.38573
823 4.55478
824 4.42045
825 4.84823
826 4.20894
827 4.83603
828 4.17285
829 4.32984
830 4.45682
831 4.72034
832 4.18389
833 4.37915
834 4.40555
835 4.19396
836 4.76163
837 4.05057
838 4.71667
839 4.01199
840 4.60091
841 4.96176
842 6.22926
843 4.71996
844 5.00163
845 4.99812
846 4.58368
847 4.16126
848 4.74617
849 4.92491
850 4.04185
851 4.15661
852 4.92014
853 4.0974
854 4.58428
855 4.36849
856 4.49617
857 4.27508
858 4.28468
859 4.64838
860 4.28467
861 5.37325
862 4.85237
863 4.22265
864 5.10646
865 5.13594
866 4.11966
867 5.21237
868 4.40423
869 4.39516
870 4.26571
871 4.25956
872 4.26097
873 4.25023
874 4.16903
875 4.15223
876 4.1725
877 4.17309
878 4.16046
879 4.17266
880 4.22567
881 4.90032
882 4.28136
883 4.83617
884 4.9308
885 4.92465
886 4.60555
887 4.42402
888 4.32576
889 4.369
890 4.2042
891 4.09583
892 4.21707
893 4.05323
894 4.34018
895 4.51098
896 5.36612
897 4.60746
898 5.24309
899 4.38542
900 4.76414
901 4.37447
902 4.1095
903 4.34904
904 4.03726
905 4.5937
906 4.5636
907 5.31563
908 4.3442
909 4.61808
910 4.62222
911 4.60438
912 4.20423
913 4.35881
914 4.5522
915 4.11296
916 4.33154
917 4.22938
918 4.21032
919 4.07775
920 4.36273
921 4.06201
922 4.34742
923 4.2075
924 4.88802
925 5.38384
926 4.58431
927 4.50885
928 4.38123
929 4.75741
930 5.25825
931 4.86792
932 4.92189
933 4.25238
934 4.60549
935 4.3989
936 4.94315
937 4.56438
938 4.38636
939 4.33568
940 4.61142
941 5.31555
942 4.10382
943 4.58731
944 4.20145
945 4.62179
946 4.0359
947 4.58634
948 4.33371
949 4.10833
950 4.38941
951 4.51729
952 4.25935
953 4.38898
954 4.12315
955 4.2897
956 4.05626
957 4.20606
958 4.3444
959 4.4013
960 5.12642
961 4.66224
962 4.9543
963 4.41436
964 4.61172
965 4.23792
966 4.28488
967 4.15854
968 4.16358
969 4.55274
970 4.57455
971 4.99504
972 4.33973
973 4.43234
974 4.59229
975 4.85655
976 4.35867
977 4.32865
978 4.32622
979 4.22568
980 5.19169
981 5.11594
982 4.28426
983 4.78278
984 4.38584
985 5.27504
986 4.85479
987 4.49594
988 4.59399
989 4.71196
990 5.7477
991 4.0756
992 4.71427
993 4.15386
994 4.89176
995 4.00306
996 4.43815
997 4.41259
998 4.03822
999 4.63081
1000 4.60444
1001 5.38592
1002 4.35854
1003 4.99547
1004 4.43849
1005 5.65245
1006 4.94157
1007 6.22097
1008 4.83522
1009 5.75794
1010 4.72992
1011 4.54615
1012 4.57414
1013 4.604
1014 5.34013
1015 4.5924
1016 4.14654
1017 4.93675
1018 4.19358
1019 5.26863
1020 4.05466
1021 4.38008
1022 4.61069
1023 4.06936
1024 4.95058
1025 4.76971
1026 4.75407
1027 4.40379
1028 4.33224
1029 4.62314
1030 5.24897
1031 4.35467
1032 4.39283
1033 4.19128
1034 4.40668
1035 4.15921
1036 4.86936
1037 4.33493
1038 4.5842
1039 4.50607
1040 5.3913
1041 4.76748
1042 5.25094
1043 4.38546
1044 4.21697
1045 4.93675
1046 4.27254
1047 4.85601
1048 4.40454
1049 4.95095
1050 4.60998
1051 4.09274
1052 4.38072
1053 4.22944
1054 4.30944
1055 4.20849
1056 4.06213
1057 4.11021
1058 4.55067
1059 4.21213
1060 4.60018
1061 4.58936
1062 4.37365
1063 4.58987
1064 4.33723
1065 4.02661
1066 4.60444
1067 5.35332
1068 4.30935
1069 4.55094
1070 4.10525
1071 4.37834
1072 4.25323
1073 4.64283
1074 4.38052
1075 5.11283
1076 4.60333
1077 4.93621
1078 4.4109
1079 4.25807
1080 5.20734
1081 5.11499
1082 5.26481
1083 4.74336
1084 4.38691
1085 4.3527
1086 4.92699
1087 4.53819
1088 4.72865
1089 4.5554
1090 5.39201
1091 5.68109
1092 5.01728
1093 4.4415
1094 5.73229
1095 6.20041
1096 4.83731
1097 5.35624
1098 4.59254
1099 4.59833
1100 4.27266
1101 4.37524
1102 4.09336
1103 4.3397
1104 4.05376
1105 4.21569
1106 4.27988
1107 4.59743
1108 4.35317
1109 4.61727
1110 4.82527
1111 4.22824
1112 4.54218
1113 4.15184
1114 4.15223
1115 4.43444
1116 5.02245
1117 4.32427
1118 4.3236
1119 4.23093
1120 4.33634
1121 4.49346
1122 4.10586
1123 4.45054
1124 4.00552
1125 4.4515
1126 4.87885
1127 5.74911
1128 4.60463
1129 4.68674
1130 4.89224
1131 4.71902
1132 4.16278
1133 4.60317
1134 4.60324
1135 4.04473
1136 4.18023
1137 4.60991
1138 4.036
1139 4.37647
1140 4.33175
1141 4.7587
1142 4.42694
1143 4.20446
1144 4.41522
1145 4.38482
1146 5.2386
1147 4.93141
1148 4.1963
1149 4.95158
1150 4.75839
1151 4.05127
1152 5.26055
1153 4.35652
1154 4.613
1155 4.15426
1156 4.26694
1157 5.09186
1158 4.27528
1159 5.19765
1160 4.3864
1161 5.25841
1162 4.76455
1163 4.13148
1164 4.29715
1165 4.3815
1166 4.20278
1167 4.33997
1168 4.04433
1169 4.09357
1170 4.84987
1171 4.17474
1172 4.87249
1173 4.7228
1174 4.49753
1175 4.43644
1176 4.42374
1177 3.99595
1178 4.71946
1179 5.75108
1180 4.61074
1181 4.62713
1182 4.04103
1183 4.61858
1184 5.11986
1185 4.65235
1186 4.37538
1187 4.4154
1188 4.61114
1189 4.94504
1190 4.93748
1191 5.38706
1192 4.83618
1193 5.75801
1194 6.20416
1195 4.36846
1196 4.53473
1197 4.5477
1198 4.7165
1199 4.43941
1200 5.6432
1201 4.9995
1202 4.58205
1203 4.60271
1204 5.34043
1205 4.56758
1206 4.23011
1207 4.30914
1208 4.41085
1209 5.01068
1210 4.27085
1211 4.83177
1212 4.36552
1213 4.60102
1214 4.14925
1215 4.55478
1216 4.15186
1217 4.23208
1218 4.33392
1219 4.32756
1220 4.18245
1221 4.42839
1222 4.33018
1223 4.73274
1224 4.20568
1225 5.24389
1226 4.94338
1227 4.33822
1228 4.59944
1229 5.24636
1230 4.38499
1231 4.60715
1232 4.04507
1233 4.4263
1234 4.37958
1235 4.20058
1236 4.7728
1237 4.06758
1238 4.92924
1239 4.1776
1240 4.23954
1241 4.23971
1242 4.25854
1243 4.15253
1244 4.17948
1245 4.17387
1246 4.21865
1247 4.86729
1248 4.27611
1249 4.84863
1250 4.94031
1251 4.33695
1252 4.3663
1253 4.22122
1254 4.0697
1255 4.50633
1256 5.38268
1257 4.59647
1258 4.36655
1259 4.09972
1260 4.56403
1261 4.325
1262 4.22916
1263 4.22911
1264 4.09034
1265 4.36446
1266 4.86096
1267 5.38355
1268 4.56735
1269 4.50735
1270 4.87223
1271 4.9135
1272 4.29236
1273 4.54357
1274 4.36036
1275 4.11193
1276 4.26313
1277 4.36968
1278 4.11055
1279 4.27487
1280 4.39153
1281 5.12113
1282 4.66206
1283 4.21993
1284 4.2693
1285 4.57361
1286 5.1866
1287 5.12154
1288 4.25999
1289 4.85757
1290 4.48709
1291 4.08319
1292 5.35917
1293 4.37928
1294 4.93716
1295 4.16644
1296 4.87794
1297 4.32539
1298 4.56258
1299 4.49992
1300 5.37421
1301 4.21391
1302 4.92245
1303 4.28342
1304 4.85478
1305 4.09777
1306 4.34879
1307 4.22861
1308 4.10627
1309 4.55392
1310 4.36531
1311 4.27498
1312 4.65309
1313 4.37138
1314 5.11769
1315 4.27321
1316 5.19857
1317 5.09808
1318 4.36679
1319 4.93968
1320 5.37977
1321 4.29206
1322 4.39339
1323 4.11357
1324 4.28136
1325 4.58888
1326 4.21706
1327 4.50817
1328 4.099
1329 4.8637
1330 4.17614
1331 4.23556
1332 5.11466
1333 4.27136
1334 5.18478
1335 4.1163
1336 4.26892
1337 4.3735
1338 4.08192
1339 4.86696
1340 4.50145
1341 5.12869
1342 4.62659
1343 4.3899
1344 4.92506
1345 5.36934
1346 4.37036
1347 4.58604
1348 4.23685
1349 4.23655
1350 4.16556
1351 4.25362
1352 4.24881
1353 4.25271
1354 4.21855
1355 4.87895
1356 4.33152
1357 4.34047
1358 4.22736
1359 4.88222
1360 4.23723
1361 4.85752
1362 4.33312
1363 4.23174
1364 4.26736
1365 4.25462
